	YP_009177247.1/Rhabdoviridae/RdRp/Adelaide_River_ephemerovirus	YP_006200965.1/Rhabdoviridae/RdRp/Obodhiang_ephemerovirus	YP_009094138.1/Rhabdoviridae/RdRp/Berrimah_ephemerovirus	QRZ60246.1/Rhabdoviridae/RdRp/Bovine_fever_ephemerovirus	YP_009094403.1/Rhabdoviridae/RdRp/Kimberley_ephemerovirus	YP_009177203.1/Rhabdoviridae/RdRp/Koolpinyah_ephemerovirus	YP_006202628.1/Rhabdoviridae/RdRp/Kotonkan_ephemerovirus	YP_009177215.1/Rhabdoviridae/RdRp/Yata_ephemerovirus	AXY65031.1/Rhabdoviridae/RdRp/Flanders_hapavirus	YP_009361959.1/Rhabdoviridae/RdRp/Hart_Park_hapavirus	YP_009361989.1/Rhabdoviridae/RdRp/Kamese_hapavirus	YP_009505470.1/Rhabdoviridae/RdRp/Mossuril_hapavirus	YP_009361970.1/Rhabdoviridae/RdRp/Mosqueiro_hapavirus	YP_009362143.1/Rhabdoviridae/RdRp/Landjia_hapavirus	YP_009362128.1/Rhabdoviridae/RdRp/Manitoba_hapavirus	YP_009362209.1/Rhabdoviridae/RdRp/Gray_Lodge_hapavirus	ASM90779.1/Rhabdoviridae/RdRp/Holmes_hapavirus	YP_002333280.1/Rhabdoviridae/RdRp/Wongabel_hapavirus	YP_009362228.1/Rhabdoviridae/RdRp/Ord_River_hapavirus	YP_009361979.1/Rhabdoviridae/RdRp/Parry_Creek_hapavirus	YP_009362180.1/Rhabdoviridae/RdRp/La_Joya_hapavirus	YP_003518294.1/Rhabdoviridae/RdRp/Ngaingan_hapavirus	YP_009362117.1/Rhabdoviridae/RdRp/Marco_hapavirus	YP_009362189.1/Rhabdoviridae/RdRp/Joinjakaka_hapavirus	YP_009094101.1/Rhabdoviridae/RdRp/protein_Alagoas_vesiculovirus	YP_009177651.1/Rhabdoviridae/RdRp/protein_Cocal_vesiculovirus	YP_009505531.1/Rhabdoviridae/RdRp/Carajas_vesiculovirus	P16379.2/Rhabdoviridae/RdRp/Vesicular_stomatitis_virus	P13179.2/Rhabdoviridae/RdRp/Chandipura_virus	YP_009094388.1/Rhabdoviridae/RdRp/Perinet_vesiculovirus	YP_009505536.1/Rhabdoviridae/RdRp/Piry_vesiculovirus	YP_009505541.1/Rhabdoviridae/RdRp/Radi_vesiculovirus	YP_009094277.1/Rhabdoviridae/RdRp/Yug_Bogdanovac_vesiculovirus	QPL20101.1/Rhabdoviridae/RdRp/American_bat_vesiculovirus	Q91DR9.1/Rhabdoviridae/RdRp/Carp_sprivivirus	YP_009094267.1/Rhabdoviridae/RdRp/Pike_fry_sprivivirus	YP_008686607.1/Rhabdoviridae/RdRp/Anguillid_perhabdovirus	QGM12367.1/Rhabdoviridae/RdRp/Perch_perhabdovirus	QIQ19264.1/Rhabdoviridae/RdRp/Sea_trout_perhabdovirus	YP_009362159.1/Rhabdoviridae/RdRp/Barur_ledantevirus	YP_009362003.1/Rhabdoviridae/RdRp/Fukuoka_ledantevirus	YP_009362194.1/Rhabdoviridae/RdRp/Nkolbisson_ledantevirus	YP_009305122.1/Rhabdoviridae/RdRp/Yongjia_ledantevirus	YP_009361995.1/Rhabdoviridae/RdRp/Kern_Canyon_ledantevirus	YP_009362200.1/Rhabdoviridae/RdRp/Keuraliba_ledantevirus	YP_009361873.1/Rhabdoviridae/RdRp/Le_Dantec_ledantevirus	YP_009666839.1/Rhabdoviridae/RdRp/Vaprio_ledantevirus	YP_009094022.1/Rhabdoviridae/RdRp/Fikirini_ledantevirus	YP_009094027.1/Rhabdoviridae/RdRp/Kolente_ledantevirus	YP_009177014.1/Rhabdoviridae/RdRp/Kumasi_ledantevirus	YP_009362258.1/Rhabdoviridae/RdRp/Oita_ledantevirus	QKV49630.1/Rhabdoviridae/RdRp/Kanyawara_ledantevirus	YP_009362243.1/Rhabdoviridae/RdRp/Mount_Elgon_bat_ledantevirus	YP_009305102.1/Rhabdoviridae/RdRp/Wuhan_ledantevirus	YP_009505485.1/Rhabdoviridae/RdRp/Drosophila_affinis_sigmavirus	YP_009664710.1/Rhabdoviridae/RdRp/Drosophila_tristis_sigmavirus	YP_009505497.1/Rhabdoviridae/RdRp/Drosophila_immigrans_sigmavirus	YP_008686601.1/Rhabdoviridae/RdRp/Drosophila_obscura_sigmavirus	YP_009505491.1/Rhabdoviridae/RdRp/Drosophila_ananassae_sigmavirus	YP_009664719.1/Rhabdoviridae/RdRp/Bas-Congo_tibrovirus	YP_009505519.1/Rhabdoviridae/RdRp/Ekpoma_2_tibrovirus	YP_009508535.1/Rhabdoviridae/RdRp/Beatrice_Hill_tibrovirus	D8V078.1/Rhabdoviridae/RdRp/Tibrogargan_virus_strain_CS132	YP_009362251.1/Rhabdoviridae/RdRp/Sweetwater_Branch_tibrovirus	YP_009094412.1/Rhabdoviridae/RdRp/Coastal_Plains_tibrovirus	YP_009505511.1/Rhabdoviridae/RdRp/Ekpoma_1_tibrovirus	YP_009505526.1_RNA/Rhabdoviridae/RdRp/Durham_tupavirus	YP_009362266.1/Rhabdoviridae/RdRp/Klamath_tupavirus	Q4VKV2.1/Rhabdoviridae/RdRp/Tupaia_virus	YP_009176999.1/Rhabdoviridae/RdRp/Santabarbara_arurhavirus	YP_009094167.1/Rhabdoviridae/RdRp/Xiburema_arurhavirus	C6S3N3.1/Rhabdoviridae/RdRp/Drosophila_melanogaster_sigmavirus_AP30	YP_009512988.1/Rhabdoviridae/RdRp/Curionopolis_curiovirus	YP_009362154.1/Rhabdoviridae/RdRp/Rochambeau_curiovirus	YP_009362238.1/Rhabdoviridae/RdRp/Iriri_curiovirus	YP_009362166.1/Rhabdoviridae/RdRp/Itacaiunas_curiovirus	YP_009388616.1/Rhabdoviridae/RdRp/Culex_ohlsrhavirus	AGY80343.1/Rhabdoviridae/RdRp/Northcreek_ohlsrhavirus	YP_009182186.1/Rhabdoviridae/RdRp/Tongilchon_ohlsrhavirus	AXQ04772.1/Rhabdoviridae/RdRp/Culex_ohlsrhavirus	ATG83562.1/Rhabdoviridae/RdRp/Ohlsdorf_ohlsrhavirus	YP_009666516.1/Rhabdoviridae/RdRp/Caligus_caligrhavirus	AIY25916.1/Rhabdoviridae/RdRp/Lepeophtheirus_caligrhavirus	AIY25911.1/Rhabdoviridae/RdRp/Salmonlouse_caligrhavirus	YP_009344978.1/Rhabdoviridae/RdRp/Xingshan_alphanemrhavirus	YP_009344989.1/Rhabdoviridae/RdRp/Xinzhou_alphanemrhavirus	YP_009094424.1/Rhabdoviridae/RdRp/Almpiwar_sripuvirus	AJR28289.1/Rhabdoviridae/RdRp/Kwatta_sunrhavirus	AJR28270.1/Rhabdoviridae/RdRp/Garba_sunrhavirus	AIW61115.1/Rhabdoviridae/RdRp/Harrison_sunrhavirus	YP_009176985.1/Rhabdoviridae/RdRp/Walkabout_sunrhavirus	YP_009094441.1/Rhabdoviridae/RdRp/Sunguru_sunrhavirus	AZL49339.1/Rhabdoviridae/RdRp/Almpiwar_sripuvirus	YP_009362218.1/Rhabdoviridae/RdRp/Sripur_sripuvirus	YP_009362274.1/Rhabdoviridae/RdRp/Chaco_sripuvirus	YP_009362110.1/Rhabdoviridae/RdRp/Sena_Madureira_sripuvirus	AZL49346.1/Rhabdoviridae/RdRp/Cuiaba_sripuvirus	AJR28545.1/Rhabdoviridae/RdRp/Bahia_barhavirus	AJR28336.1/Rhabdoviridae/RdRp/Muir_barhavirus	YP_009552805.1/Rhabdoviridae/RdRp/Zahedan_zarhavirus	ALO28655.1/Rhabdoviridae/RdRp/Lonestar_zarhavirus	YP_009094017.1/Rhabdoviridae/RdRp/Island_sawgrhavirus	AJR28510.1/Rhabdoviridae/RdRp/Sawgrass_sawgrhavirus	AJR28474.1/Rhabdoviridae/RdRp/Minto_sawgrhavirus	YP_009094143.1/Rhabdoviridae/RdRp/Moussa_mousrhavirus	YP_007641396.1/Rhabdoviridae/RdRp/Aravan_lyssavirus	YP_009091813.1/Rhabdoviridae/RdRp/Bokeloh_bat_lyssavirus	A4UHQ7.1/Rhabdoviridae/RdRp/European_bat_lyssavirus_2_strain_RV1333	AUO29858.1/Rhabdoviridae/RdRp/European_bat_2_lyssavirus	YP_009094331.1/Rhabdoviridae/RdRp/Khujand_lyssavirus	YP_009325518.1/Rhabdoviridae/RdRp/Gannoruwa_bat_lyssavirus	Q9QSP0.2/Rhabdoviridae/RdRp/Australian_bat_lyssavirus	P11213.2/Rhabdoviridae/RdRp/Rabies_virus	YP_007641401.1/Rhabdoviridae/RdRp/Irkut_lyssavirus	AVJ54239.1/Rhabdoviridae/RdRp/Taiwan_bat_lyssavirus	YP_007641406.1/Rhabdoviridae/RdRp/Duvenhage_lyssavirus	QCC30175.1/Rhabdoviridae/RdRp/Lagos_bat_lyssavirus	YP_009094183.1/Rhabdoviridae/RdRp/Shimoni_bat_lyssavirus	P0C568.1/Rhabdoviridae/RdRp/Mokola_lyssavirus	YP_009094272.1/Rhabdoviridae/RdRp/West_Caucasian_bat_lyssavirus	YP_006742184.1/Rhabdoviridae/RdRp/Ikoma_lyssavirus	AZB73866.1/Rhabdoviridae/RdRp/Lleida_bat_lyssavirus	YP_009094383.1/Rhabdoviridae/RdRp/Arboretum_almendravirus	YP_009094394.1/Rhabdoviridae/RdRp/Puerto_Almendras_almendravirus	BBB04262.1/Rhabdoviridae/RdRp/Menghai_almendravirus	YP_009177021.1/Rhabdoviridae/RdRp/Alfalfa_dwarf_cytorhabdovirus	AWK49433.1/Rhabdoviridae/RdRp/Strawberry_crinkle_cytorhabdovirus	YP_009301361.1/Rhabdoviridae/RdRp/Wuhan_6_insect_cytorhabdovirus	YP_009352236.1/Rhabdoviridae/RdRp/Tomato_yellow_mottle-associated_cytorhabdovirus	YP_006576506.2/Rhabdoviridae/RdRp/Persimmon_cytorhabdovirus	YP_009300875.1/Rhabdoviridae/RdRp/Wuhan_5_insect_cytorhabdovirus	ATS17313.1/Rhabdoviridae/RdRp/Cabbage_cytorhabdovirus	Q4W382.1/Rhabdoviridae/RdRp/Lettuce_necrotic_yellows_virus_isolate_318	YP_002308376.1/Rhabdoviridae/RdRp/Lettuce_yellow_mottle_cytorhabdovirus	YP_009300689.1/Rhabdoviridae/RdRp/Wuhan_4_insect_cytorhabdovirus	QBJ27595.1/Rhabdoviridae/RdRp/Barley_yellow_striate_mosaic_cytorhabdovirus	ATN96453.1/Rhabdoviridae/RdRp/Maize_yellow_striate_cytorhabdovirus	NP_597914.1/Rhabdoviridae/RdRp/Northern_cereal_mosaic_cytorhabdovirus	YP_009362280.1/Rhabdoviridae/RdRp/Colocasia_bobone_disease-associated_cytorhabdovirus	YP_009553369.1/Rhabdoviridae/RdRp/Rice_stripe_mosaic_cytorhabdovirus	QOD39376.1/Rhabdoviridae/RdRp/Papaya_cytorhabdovirus	ARA91091.1/Rhabdoviridae/RdRp/Yerba_mate_chlorosis-associated_cytorhabdovirus	QIC35868.1/Rhabdoviridae/RdRp/Citrus_chlorotic_spot_dichorhavirus	YP_009666993.1/Rhabdoviridae/RdRp/Clerodendrum_chlorotic_spot_dichorhavirus	YP_009507905.1/Rhabdoviridae/RdRp/Coffee_ringspot_dichorhavirus	YP_009976137.1/Rhabdoviridae/RdRp/Citrus_leprosis_N_dichorhavirus	QJQ80127.1/Rhabdoviridae/RdRp/Sowthistle_yellow_vein_betanucleorhabdovirus	AZP55487.1/Rhabdoviridae/RdRp/Morogoro_maize-associated_alphanucleorhabdovirus	QDF44105.1/Rhabdoviridae/RdRp/Physostegia_chlorotic_mottle_alphanucleorhabdovirus	AVV48080.1/Rhabdoviridae/RdRp/Wheat_yellow_striate_alphanucleorhabdovirus	Q8B0U2.1/Rhabdoviridae/RdRp/Lettuce_big-vein_associated_virus_isolate_Kagawa	Q77SJ8.1/Rhabdoviridae/RdRp/Hirame_rhabdovirus	QGJ79613.1/Rhabdoviridae/RdRp/Salmonid_novirhabdovirus	QQD86688.1/Rhabdoviridae/RdRp/Piscine_novirhabdovirus	Q9QJT4.1/Rhabdoviridae/RdRp/Snakehead_virus
YP_009177247.1/Rhabdoviridae/RdRp/Adelaide_River_ephemerovirus	1.0	0.7835	0.4964	0.5007	0.4897	0.4812	0.482	0.4751	0.4015	0.3996	0.4015	0.3986	0.4052	0.4118	0.4089	0.4121	0.4112	0.4126	0.4121	0.4179	0.4049	0.4064	0.4167	0.4072	0.4125	0.4086	0.4139	0.4154	0.4045	0.4023	0.4057	0.4062	0.395	0.4161	0.3989	0.4009	0.4001	0.401	0.4005	0.3898	0.3941	0.3893	0.3972	0.3912	0.3898	0.3762	0.3888	0.3815	0.3869	0.3811	0.3764	0.3811	0.39	0.3945	0.3618	0.3951	0.3662	0.3766	0.3825	0.4031	0.4025	0.3989	0.4082	0.3995	0.4081	0.4131	0.3802	0.3839	0.3972	0.4107	0.3908	0.3643	0.3707	0.3693	0.3735	0.3774	0.3604	0.3596	0.3633	0.3754	0.3696	0.346	0.3505	0.3503	0.3563	0.3622	0.3369	0.335	0.3525	0.3611	0.3556	0.3544	0.3481	0.3377	0.3324	0.3327	0.3284	0.3309	0.3304	0.3295	0.3253	0.3111	0.3131	0.3068	0.3213	0.2997	0.2982	0.306	0.306	0.3006	0.306	0.3054	0.3041	0.3006	0.3011	0.2997	0.3026	0.308	0.306	0.305	0.3128	0.3114	0.3118	0.3123	0.2916	0.1921	0.1926	0.1894	0.1823	0.19	0.1903	0.1775	0.189	0.1842	0.1782	0.183	0.1858	0.1843	0.1767	0.1658	0.1792	0.1825	0.1861	0.1813	0.1788	0.187	0.1869	0.1936	0.1947	0.1906	0.1967	0.178	0.1792	0.1698	0.1681
YP_006200965.1/Rhabdoviridae/RdRp/Obodhiang_ephemerovirus	0.7835	1.0	0.5002	0.505	0.499	0.4858	0.4824	0.4732	0.4167	0.4157	0.4133	0.4089	0.4189	0.4216	0.4143	0.4199	0.4127	0.4166	0.4185	0.4209	0.4127	0.4055	0.4132	0.4157	0.4092	0.4067	0.4082	0.4174	0.4026	0.4064	0.4043	0.4029	0.3956	0.4163	0.4039	0.4034	0.394	0.3973	0.3988	0.3954	0.3978	0.3951	0.3925	0.3976	0.3902	0.3756	0.3907	0.3776	0.3854	0.3723	0.369	0.3911	0.3909	0.3956	0.3555	0.3934	0.3714	0.3797	0.3821	0.4003	0.404	0.4011	0.4045	0.4031	0.4071	0.419	0.3792	0.3859	0.393	0.4166	0.3875	0.3627	0.3708	0.3693	0.3741	0.3739	0.362	0.3603	0.363	0.3669	0.3679	0.3431	0.3505	0.3446	0.356	0.3578	0.3369	0.3363	0.3539	0.3605	0.3535	0.3561	0.3416	0.3387	0.3307	0.3325	0.3312	0.3288	0.3307	0.3207	0.3196	0.3062	0.3169	0.3048	0.3174	0.3002	0.2968	0.3046	0.3042	0.3022	0.3051	0.3045	0.3051	0.3027	0.3022	0.2998	0.3042	0.3076	0.3071	0.3012	0.3086	0.309	0.3069	0.3105	0.2963	0.193	0.1941	0.1931	0.1886	0.1953	0.1934	0.1827	0.191	0.1911	0.1813	0.1829	0.1829	0.1869	0.1732	0.1628	0.1768	0.1779	0.1833	0.1791	0.1778	0.1866	0.1934	0.1981	0.1933	0.1921	0.1977	0.1764	0.1752	0.1686	0.1698
YP_009094138.1/Rhabdoviridae/RdRp/Berrimah_ephemerovirus	0.4964	0.5002	1.0	0.8405	0.6489	0.5132	0.5156	0.5167	0.4288	0.4259	0.4331	0.4293	0.435	0.4272	0.4337	0.4389	0.4262	0.4238	0.4209	0.4271	0.4161	0.4141	0.4218	0.4343	0.4261	0.4217	0.4249	0.4259	0.4187	0.4179	0.4188	0.41	0.4142	0.4181	0.4181	0.4137	0.4173	0.4151	0.4156	0.4068	0.4087	0.4113	0.4033	0.4024	0.396	0.397	0.4096	0.3961	0.3942	0.3906	0.3891	0.3983	0.3995	0.4061	0.3579	0.4129	0.3767	0.3792	0.3832	0.4233	0.4106	0.4237	0.4256	0.4282	0.4207	0.4297	0.3922	0.3917	0.3851	0.421	0.4107	0.3742	0.3816	0.3797	0.3814	0.3786	0.3696	0.3683	0.373	0.373	0.3764	0.3591	0.3583	0.359	0.3661	0.3548	0.3465	0.3452	0.3553	0.3529	0.3524	0.3519	0.3583	0.3493	0.3404	0.3387	0.3381	0.3484	0.3445	0.3343	0.339	0.3212	0.3192	0.3139	0.3205	0.312	0.3173	0.3144	0.3149	0.3154	0.3139	0.3162	0.3207	0.3124	0.312	0.3081	0.3139	0.3129	0.3139	0.3192	0.3236	0.3246	0.2902	0.3173	0.2862	0.1815	0.1902	0.2009	0.1892	0.198	0.2017	0.1914	0.1942	0.1948	0.1836	0.1775	0.1742	0.1753	0.178	0.17	0.1829	0.1724	0.1845	0.1797	0.1857	0.201	0.1858	0.196	0.1994	0.1937	0.2003	0.1834	0.1834	0.173	0.1708
QRZ60246.1/Rhabdoviridae/RdRp/Bovine_fever_ephemerovirus	0.5007	0.505	0.8405	1.0	0.647	0.5117	0.5076	0.5129	0.4321	0.4283	0.4326	0.4293	0.4321	0.432	0.4308	0.435	0.4214	0.4214	0.4195	0.4233	0.4171	0.4203	0.4203	0.427	0.4261	0.4222	0.4288	0.4283	0.4158	0.416	0.4169	0.4144	0.4161	0.4191	0.4206	0.4157	0.4109	0.4057	0.4082	0.4029	0.4044	0.4157	0.4009	0.3961	0.3975	0.396	0.4014	0.3913	0.3951	0.392	0.3848	0.3919	0.4019	0.4042	0.3608	0.4044	0.3763	0.3734	0.3905	0.4202	0.4169	0.4232	0.4285	0.4282	0.4269	0.4312	0.3976	0.3903	0.3832	0.4186	0.404	0.3718	0.3782	0.3768	0.379	0.3761	0.3701	0.3611	0.3716	0.3738	0.3783	0.3523	0.3554	0.3643	0.3652	0.3567	0.3435	0.3452	0.3556	0.3549	0.3594	0.3519	0.3563	0.3493	0.3434	0.3403	0.3356	0.3474	0.346	0.3314	0.3395	0.3178	0.3178	0.311	0.322	0.3099	0.3113	0.3103	0.3108	0.3103	0.3137	0.3112	0.3162	0.3084	0.3123	0.3074	0.3142	0.3123	0.3113	0.322	0.3217	0.3226	0.2932	0.3148	0.2876	0.1897	0.1913	0.1998	0.1865	0.2057	0.2033	0.1887	0.1942	0.1948	0.1795	0.1753	0.1737	0.1768	0.1769	0.1684	0.1802	0.1768	0.1809	0.1797	0.1851	0.1944	0.183	0.1984	0.2012	0.1891	0.2014	0.1779	0.1773	0.1708	0.1708
YP_009094403.1/Rhabdoviridae/RdRp/Kimberley_ephemerovirus	0.4897	0.499	0.6489	0.647	1.0	0.5058	0.504	0.5121	0.4204	0.4189	0.4257	0.4223	0.4271	0.4231	0.4257	0.4346	0.4253	0.4268	0.4215	0.4253	0.4077	0.4218	0.4216	0.4124	0.4164	0.4217	0.4336	0.4259	0.4152	0.4137	0.4172	0.414	0.4114	0.4173	0.4157	0.4162	0.4048	0.4035	0.4045	0.4085	0.4094	0.4091	0.4147	0.4116	0.4009	0.3965	0.3984	0.3929	0.3958	0.3924	0.3875	0.3988	0.3995	0.4083	0.3587	0.394	0.3849	0.3774	0.3825	0.4146	0.3994	0.4098	0.418	0.4245	0.4169	0.4293	0.3959	0.3935	0.3844	0.4149	0.4074	0.369	0.3691	0.3699	0.3694	0.3812	0.3593	0.3575	0.3607	0.3578	0.3709	0.3598	0.3647	0.3661	0.3543	0.3535	0.3383	0.3332	0.3546	0.3549	0.3564	0.3529	0.3533	0.3428	0.3412	0.3425	0.3394	0.3353	0.3304	0.3256	0.3377	0.3218	0.3145	0.3155	0.3142	0.3041	0.3055	0.3016	0.3016	0.3031	0.305	0.3005	0.3046	0.3016	0.3055	0.3016	0.3118	0.3075	0.3075	0.3099	0.3128	0.3118	0.2894	0.2961	0.2812	0.1885	0.1907	0.1966	0.1877	0.2073	0.1952	0.1857	0.1906	0.1901	0.1847	0.1712	0.1783	0.1774	0.1752	0.1629	0.1814	0.1788	0.1818	0.1866	0.1823	0.1967	0.1906	0.1974	0.2033	0.1978	0.2019	0.1733	0.1759	0.1651	0.1723
YP_009177203.1/Rhabdoviridae/RdRp/Koolpinyah_ephemerovirus	0.4812	0.4858	0.5132	0.5117	0.5058	1.0	0.8434	0.5948	0.4467	0.4501	0.4535	0.4549	0.453	0.4618	0.4707	0.4459	0.4456	0.4466	0.4432	0.4495	0.4482	0.4335	0.4526	0.4404	0.4456	0.4378	0.4559	0.4476	0.435	0.4273	0.4333	0.4307	0.4266	0.4314	0.4398	0.4447	0.4122	0.4163	0.4198	0.4152	0.4152	0.4204	0.4216	0.4204	0.4121	0.4082	0.4219	0.4015	0.4054	0.411	0.411	0.4177	0.4194	0.4197	0.3807	0.4339	0.3958	0.3978	0.402	0.4264	0.4224	0.43	0.4266	0.4389	0.441	0.4402	0.4115	0.4129	0.3952	0.433	0.4251	0.3913	0.3885	0.3741	0.3757	0.3903	0.3846	0.3833	0.3841	0.3841	0.3856	0.3627	0.376	0.3791	0.3749	0.373	0.3441	0.3395	0.3602	0.3763	0.3694	0.3589	0.3539	0.3593	0.3515	0.3548	0.3477	0.3426	0.35	0.3447	0.3395	0.3165	0.3126	0.3209	0.3216	0.3156	0.3146	0.3137	0.3141	0.3141	0.3151	0.3155	0.318	0.3161	0.3146	0.3141	0.3234	0.321	0.3141	0.318	0.3239	0.3224	0.2947	0.3108	0.2964	0.1909	0.1898	0.1981	0.1959	0.1987	0.1938	0.1993	0.1944	0.1934	0.1858	0.1903	0.1827	0.1834	0.1878	0.1805	0.1792	0.181	0.18	0.1812	0.1799	0.1989	0.1892	0.2024	0.1894	0.1947	0.1967	0.1824	0.1841	0.1742	0.1708
YP_006202628.1/Rhabdoviridae/RdRp/Kotonkan_ephemerovirus	0.482	0.4824	0.5156	0.5076	0.504	0.8434	1.0	0.5928	0.4448	0.4448	0.4476	0.4496	0.4577	0.4535	0.471	0.4473	0.4451	0.4465	0.4441	0.4503	0.4494	0.4321	0.4497	0.4368	0.4442	0.4442	0.4498	0.4444	0.4351	0.4234	0.43	0.4292	0.4217	0.4293	0.4421	0.4464	0.4118	0.4208	0.4228	0.4183	0.4198	0.423	0.4244	0.4228	0.4134	0.409	0.4158	0.4052	0.4052	0.4113	0.4091	0.4129	0.4161	0.4188	0.3774	0.4311	0.3921	0.4025	0.4072	0.4329	0.4171	0.4293	0.4279	0.433	0.4408	0.4478	0.4116	0.4056	0.3921	0.4264	0.4219	0.3966	0.3819	0.3752	0.373	0.3899	0.3822	0.3819	0.388	0.3808	0.3895	0.3565	0.3731	0.3791	0.3729	0.3712	0.3455	0.34	0.3604	0.3776	0.3682	0.3607	0.3575	0.3584	0.3497	0.3539	0.3484	0.3392	0.3411	0.3383	0.3361	0.3141	0.3097	0.3151	0.3209	0.3154	0.3188	0.3169	0.3179	0.3179	0.3183	0.3182	0.3183	0.3188	0.3164	0.3159	0.3241	0.3159	0.3179	0.3198	0.327	0.3261	0.295	0.3106	0.2952	0.1916	0.1889	0.1962	0.1973	0.2004	0.1918	0.1946	0.1892	0.1893	0.1888	0.1851	0.1758	0.1832	0.1874	0.1769	0.1768	0.1742	0.1787	0.1775	0.1804	0.2005	0.189	0.2047	0.199	0.1945	0.1949	0.1818	0.1813	0.1787	0.1709
YP_009177215.1/Rhabdoviridae/RdRp/Yata_ephemerovirus	0.4751	0.4732	0.5167	0.5129	0.5121	0.5948	0.5928	1.0	0.4345	0.4355	0.4514	0.4476	0.4507	0.4484	0.4505	0.4464	0.4384	0.4384	0.4341	0.4408	0.4297	0.4272	0.4373	0.4312	0.4353	0.4392	0.4506	0.4428	0.427	0.4295	0.427	0.4277	0.4258	0.4391	0.4463	0.4458	0.4173	0.4194	0.4174	0.4132	0.4108	0.4328	0.4222	0.4086	0.4095	0.4013	0.4134	0.4069	0.4176	0.4083	0.4184	0.4232	0.4122	0.4189	0.3747	0.4246	0.3871	0.3914	0.3896	0.4246	0.4204	0.4308	0.4313	0.4345	0.439	0.4403	0.4039	0.409	0.3999	0.421	0.4186	0.3872	0.3918	0.3847	0.3863	0.3899	0.3919	0.3863	0.3895	0.3851	0.3943	0.3609	0.3765	0.3772	0.3701	0.3769	0.3513	0.3378	0.3603	0.3655	0.361	0.3681	0.3525	0.3478	0.3363	0.3327	0.3448	0.3328	0.3333	0.3296	0.3358	0.3145	0.3179	0.3213	0.3264	0.3121	0.3184	0.315	0.3145	0.3121	0.315	0.3148	0.313	0.3135	0.3135	0.3106	0.3218	0.3165	0.3189	0.3218	0.3179	0.3218	0.299	0.3114	0.2964	0.1849	0.1822	0.1938	0.1867	0.1937	0.1975	0.1868	0.1907	0.1913	0.181	0.1853	0.1864	0.186	0.1854	0.1761	0.188	0.1778	0.171	0.1746	0.178	0.1928	0.1873	0.1921	0.1986	0.192	0.1966	0.1687	0.1754	0.1711	0.1767
AXY65031.1/Rhabdoviridae/RdRp/Flanders_hapavirus	0.4015	0.4167	0.4288	0.4321	0.4204	0.4467	0.4448	0.4345	1.0	0.9011	0.729	0.7304	0.6933	0.6443	0.6467	0.5981	0.5167	0.5177	0.5153	0.5124	0.5146	0.5055	0.5201	0.4969	0.4167	0.4172	0.4271	0.4242	0.4189	0.4244	0.4223	0.4186	0.416	0.4102	0.423	0.423	0.4157	0.4141	0.4151	0.4009	0.4023	0.409	0.4168	0.4097	0.4105	0.4033	0.4028	0.3956	0.396	0.3966	0.3899	0.402	0.405	0.4056	0.3801	0.4248	0.3872	0.3918	0.4038	0.4115	0.4028	0.4026	0.4012	0.411	0.4115	0.4245	0.4015	0.4113	0.4112	0.4132	0.4051	0.3809	0.3798	0.3741	0.3797	0.3712	0.3813	0.3767	0.379	0.3757	0.3867	0.362	0.3716	0.3758	0.3626	0.3612	0.326	0.3366	0.3574	0.3669	0.3615	0.357	0.3613	0.352	0.3366	0.3418	0.3391	0.3236	0.327	0.3222	0.324	0.3184	0.3199	0.315	0.3121	0.3296	0.3282	0.3301	0.3306	0.3286	0.3296	0.327	0.3301	0.3277	0.332	0.3282	0.3301	0.3311	0.3306	0.334	0.3257	0.3296	0.2993	0.3091	0.2918	0.1875	0.1924	0.1833	0.2014	0.1991	0.1899	0.1887	0.1892	0.1894	0.1827	0.1825	0.1819	0.1852	0.1797	0.1703	0.1968	0.1924	0.1849	0.1807	0.183	0.1996	0.191	0.2044	0.1948	0.187	0.2015	0.1704	0.1721	0.1683	0.1632
YP_009361959.1/Rhabdoviridae/RdRp/Hart_Park_hapavirus	0.3996	0.4157	0.4259	0.4283	0.4189	0.4501	0.4448	0.4355	0.9011	1.0	0.7328	0.7332	0.6923	0.6443	0.6467	0.601	0.5177	0.5215	0.5148	0.5115	0.5074	0.5022	0.5158	0.4988	0.4182	0.4124	0.4237	0.4237	0.418	0.4186	0.4194	0.4147	0.415	0.4175	0.4264	0.423	0.4054	0.4092	0.4122	0.4014	0.4047	0.4104	0.4091	0.4102	0.4115	0.4047	0.4043	0.3907	0.3931	0.3947	0.3865	0.3986	0.4036	0.4061	0.3763	0.4214	0.3853	0.3942	0.4042	0.4172	0.4081	0.407	0.4065	0.4153	0.4139	0.426	0.4024	0.4123	0.4112	0.4118	0.4037	0.3804	0.3768	0.3716	0.3738	0.3688	0.3765	0.3743	0.3737	0.3713	0.3823	0.3586	0.3662	0.3782	0.366	0.3631	0.3285	0.3376	0.3578	0.364	0.358	0.3575	0.3574	0.3545	0.3454	0.3438	0.3425	0.3197	0.3188	0.3193	0.3254	0.3155	0.3194	0.3141	0.3165	0.3248	0.3262	0.3252	0.3262	0.3272	0.3257	0.3241	0.3306	0.3194	0.3272	0.3262	0.3267	0.3272	0.3262	0.3301	0.3209	0.3282	0.2988	0.3091	0.2893	0.1853	0.1891	0.1783	0.1981	0.1947	0.1827	0.186	0.1898	0.191	0.1756	0.1819	0.1792	0.1841	0.1769	0.1731	0.1968	0.194	0.1831	0.1801	0.1806	0.1996	0.1893	0.2002	0.1965	0.1876	0.201	0.1682	0.1738	0.1677	0.1649
YP_009361989.1/Rhabdoviridae/RdRp/Kamese_hapavirus	0.4015	0.4133	0.4331	0.4326	0.4257	0.4535	0.4476	0.4514	0.729	0.7328	1.0	0.9111	0.693	0.6481	0.6419	0.6017	0.522	0.5254	0.5115	0.5167	0.5088	0.5026	0.5307	0.4945	0.4244	0.4307	0.4353	0.4291	0.4209	0.4273	0.4311	0.4244	0.4295	0.416	0.4269	0.4298	0.4194	0.4169	0.4164	0.4023	0.4042	0.4128	0.4188	0.4117	0.4159	0.4101	0.4091	0.3946	0.3989	0.4014	0.3908	0.4006	0.4026	0.4133	0.3815	0.4318	0.3886	0.3937	0.3999	0.4141	0.4023	0.406	0.4113	0.422	0.411	0.4276	0.4044	0.4099	0.4047	0.421	0.4051	0.3896	0.3778	0.3721	0.3797	0.3767	0.3886	0.383	0.3858	0.3776	0.3809	0.3596	0.3687	0.37	0.3573	0.3592	0.329	0.347	0.3633	0.3664	0.357	0.3565	0.3574	0.3603	0.3425	0.3535	0.3538	0.3259	0.3239	0.324	0.3262	0.3212	0.3246	0.3164	0.3192	0.317	0.3209	0.3155	0.3155	0.3238	0.3189	0.3164	0.3199	0.3136	0.3165	0.3136	0.3209	0.3184	0.3199	0.3272	0.3204	0.3199	0.3017	0.3084	0.282	0.1852	0.1847	0.1843	0.1986	0.1974	0.1898	0.193	0.1891	0.1947	0.1761	0.1791	0.178	0.1813	0.1812	0.1719	0.1867	0.195	0.1842	0.1794	0.1805	0.2019	0.1897	0.196	0.1958	0.184	0.2003	0.1711	0.1756	0.1745	0.1762
YP_009505470.1/Rhabdoviridae/RdRp/Mossuril_hapavirus	0.3986	0.4089	0.4293	0.4293	0.4223	0.4549	0.4496	0.4476	0.7304	0.7332	0.9111	1.0	0.6963	0.6505	0.6472	0.6036	0.5187	0.5268	0.5134	0.5191	0.5088	0.5079	0.5312	0.4988	0.4215	0.4317	0.4339	0.4305	0.417	0.4239	0.4325	0.4239	0.4281	0.418	0.4303	0.4279	0.417	0.4174	0.4164	0.4047	0.4038	0.4128	0.412	0.403	0.4149	0.4067	0.4091	0.3951	0.4023	0.4039	0.3899	0.403	0.4055	0.4128	0.3912	0.4301	0.3906	0.3952	0.4013	0.412	0.4091	0.4055	0.4094	0.4196	0.4077	0.4286	0.4039	0.4065	0.4042	0.4195	0.4046	0.3886	0.3768	0.3731	0.3753	0.3776	0.3823	0.3796	0.3815	0.3815	0.3809	0.3615	0.3682	0.3748	0.3583	0.3597	0.328	0.3441	0.3593	0.364	0.3605	0.3546	0.3588	0.3598	0.3459	0.3472	0.3489	0.3288	0.3259	0.3244	0.3287	0.3188	0.3246	0.3178	0.3192	0.3233	0.3238	0.318	0.3175	0.3267	0.3218	0.3183	0.3262	0.3209	0.3209	0.3175	0.3248	0.3228	0.3218	0.3272	0.3184	0.3238	0.2987	0.3074	0.2871	0.1825	0.1863	0.1854	0.2008	0.1935	0.1859	0.188	0.1886	0.1909	0.1766	0.178	0.1763	0.1818	0.1834	0.1719	0.1861	0.1939	0.1806	0.1764	0.1763	0.1953	0.1875	0.1978	0.1952	0.1857	0.197	0.1733	0.1778	0.1729	0.1779
YP_009361970.1/Rhabdoviridae/RdRp/Mosqueiro_hapavirus	0.4052	0.4189	0.435	0.4321	0.4271	0.453	0.4577	0.4507	0.6933	0.6923	0.693	0.6963	1.0	0.6387	0.6359	0.5998	0.5242	0.5261	0.5222	0.5242	0.5196	0.505	0.5266	0.5081	0.4242	0.4329	0.4399	0.4308	0.4265	0.4266	0.4304	0.4213	0.4288	0.4192	0.4233	0.4214	0.4175	0.4183	0.4159	0.4012	0.4021	0.416	0.4157	0.4115	0.4171	0.4147	0.4079	0.3925	0.3983	0.4099	0.3916	0.3958	0.4094	0.4097	0.3823	0.4273	0.3875	0.3882	0.4141	0.425	0.4014	0.4053	0.4082	0.4122	0.418	0.4296	0.4056	0.4184	0.4147	0.4277	0.4186	0.3886	0.3763	0.377	0.3758	0.3742	0.372	0.3702	0.3711	0.3745	0.3812	0.3681	0.3714	0.3771	0.3756	0.3679	0.3365	0.3419	0.3587	0.3653	0.3608	0.3536	0.3564	0.3631	0.3482	0.346	0.3482	0.3199	0.3218	0.3257	0.3304	0.3149	0.3139	0.3076	0.3202	0.3218	0.3262	0.3252	0.3248	0.3243	0.3252	0.3202	0.3277	0.3228	0.3233	0.3218	0.3252	0.3238	0.3228	0.3233	0.3248	0.3272	0.295	0.3103	0.2866	0.1803	0.1863	0.1832	0.1936	0.1968	0.1876	0.1837	0.1842	0.181	0.1793	0.172	0.1725	0.1846	0.1785	0.1746	0.1895	0.1856	0.1854	0.1818	0.1829	0.2007	0.183	0.2007	0.1952	0.1922	0.202	0.1688	0.1716	0.1717	0.1689
YP_009362143.1/Rhabdoviridae/RdRp/Landjia_hapavirus	0.4118	0.4216	0.4272	0.432	0.4231	0.4618	0.4535	0.4484	0.6443	0.6443	0.6481	0.6505	0.6387	1.0	0.7088	0.5966	0.51	0.5139	0.5062	0.5134	0.517	0.5034	0.5217	0.51	0.4261	0.4333	0.437	0.4312	0.4248	0.4295	0.4303	0.4319	0.4278	0.4235	0.4349	0.4315	0.4191	0.42	0.422	0.4007	0.3992	0.4131	0.4235	0.4148	0.4066	0.4013	0.4123	0.3918	0.4005	0.3979	0.3894	0.3971	0.4049	0.4014	0.3758	0.421	0.3861	0.3841	0.3962	0.4321	0.4123	0.4107	0.4117	0.4201	0.4105	0.4305	0.4118	0.4134	0.4025	0.435	0.41	0.3888	0.3789	0.3806	0.3847	0.377	0.3907	0.3846	0.3961	0.3807	0.3863	0.3748	0.3628	0.3748	0.3659	0.3614	0.3373	0.3429	0.3603	0.3726	0.3642	0.3581	0.3623	0.36	0.3521	0.3543	0.3472	0.3241	0.3256	0.3208	0.3338	0.3128	0.3167	0.3162	0.322	0.3224	0.3248	0.3258	0.3258	0.3243	0.3233	0.3261	0.3262	0.3209	0.3238	0.3195	0.3282	0.3248	0.3296	0.3325	0.3238	0.3272	0.2932	0.3105	0.2935	0.1918	0.1841	0.1919	0.1941	0.2	0.1826	0.1854	0.1838	0.1899	0.1749	0.1729	0.1734	0.1796	0.1757	0.1697	0.1823	0.1866	0.1889	0.1865	0.1877	0.2018	0.182	0.1947	0.1905	0.1899	0.1896	0.1752	0.1763	0.1725	0.1758
YP_009362128.1/Rhabdoviridae/RdRp/Manitoba_hapavirus	0.4089	0.4143	0.4337	0.4308	0.4257	0.4707	0.471	0.4505	0.6467	0.6467	0.6419	0.6472	0.6359	0.7088	1.0	0.5931	0.516	0.5237	0.5217	0.5222	0.5186	0.5125	0.527	0.5115	0.4303	0.4269	0.433	0.4383	0.4263	0.4347	0.4336	0.4308	0.4344	0.4263	0.4372	0.4386	0.419	0.4169	0.4159	0.4085	0.4046	0.4098	0.4264	0.4106	0.4042	0.3974	0.4085	0.3848	0.3901	0.3999	0.3951	0.3994	0.4072	0.4134	0.3882	0.4284	0.3814	0.3936	0.3971	0.4203	0.4068	0.4149	0.4153	0.426	0.4155	0.427	0.3977	0.408	0.415	0.423	0.4081	0.3846	0.3722	0.3705	0.38	0.3711	0.3784	0.3771	0.3827	0.3862	0.3924	0.3687	0.3625	0.3743	0.3692	0.3608	0.3362	0.3386	0.3622	0.3703	0.3664	0.3519	0.3505	0.3551	0.3465	0.3459	0.3515	0.3275	0.3217	0.3207	0.3283	0.3173	0.3173	0.3178	0.3233	0.3222	0.3217	0.3236	0.3241	0.3265	0.3222	0.322	0.328	0.3202	0.3212	0.3202	0.3309	0.3261	0.328	0.3246	0.3285	0.3348	0.2925	0.3018	0.2864	0.1858	0.1841	0.1925	0.1997	0.2039	0.1837	0.1891	0.1891	0.1871	0.1782	0.1807	0.1791	0.1796	0.1713	0.1719	0.1906	0.1878	0.189	0.183	0.1866	0.2073	0.194	0.2029	0.1886	0.1938	0.1954	0.1739	0.1728	0.1655	0.165
YP_009362209.1/Rhabdoviridae/RdRp/Gray_Lodge_hapavirus	0.4121	0.4199	0.4389	0.435	0.4346	0.4459	0.4473	0.4464	0.5981	0.601	0.6017	0.6036	0.5998	0.5966	0.5931	1.0	0.5055	0.5175	0.5141	0.5118	0.5125	0.4947	0.51	0.4988	0.4303	0.4298	0.4311	0.4272	0.4228	0.4261	0.4243	0.4257	0.4274	0.4216	0.4243	0.4302	0.4137	0.4168	0.4168	0.4041	0.4074	0.412	0.4159	0.4023	0.4108	0.4103	0.4118	0.4034	0.3952	0.4039	0.4027	0.409	0.4017	0.4082	0.3773	0.4134	0.3885	0.3912	0.3917	0.4282	0.404	0.4056	0.4114	0.4143	0.4204	0.4175	0.4156	0.41	0.4177	0.4318	0.4132	0.3799	0.3788	0.3762	0.3782	0.3817	0.3895	0.3877	0.3925	0.3925	0.3875	0.3715	0.3648	0.3746	0.3622	0.355	0.3362	0.3459	0.359	0.3665	0.367	0.3555	0.3607	0.363	0.3474	0.3418	0.3497	0.3249	0.322	0.3295	0.3206	0.3166	0.3191	0.32	0.3163	0.327	0.3309	0.3309	0.3309	0.3299	0.3275	0.3264	0.3285	0.3275	0.3314	0.328	0.3367	0.3295	0.3328	0.3338	0.328	0.3314	0.2898	0.2961	0.2899	0.1859	0.1957	0.1883	0.1948	0.197	0.1921	0.1851	0.1907	0.1875	0.1812	0.1774	0.1763	0.1793	0.1803	0.1699	0.1907	0.1809	0.1939	0.1933	0.1993	0.2097	0.1896	0.2018	0.1935	0.1908	0.1929	0.1697	0.1754	0.1631	0.1642
ASM90779.1/Rhabdoviridae/RdRp/Holmes_hapavirus	0.4112	0.4127	0.4262	0.4214	0.4253	0.4456	0.4451	0.4384	0.5167	0.5177	0.522	0.5187	0.5242	0.51	0.516	0.5055	1.0	0.8815	0.8347	0.8376	0.6484	0.494	0.5098	0.495	0.4238	0.4282	0.4371	0.427	0.4157	0.4218	0.4205	0.4177	0.4224	0.4149	0.4286	0.4295	0.4186	0.4181	0.4171	0.4034	0.4019	0.4094	0.4102	0.4131	0.405	0.4026	0.4041	0.3933	0.3958	0.3903	0.392	0.4117	0.4013	0.4041	0.3676	0.4092	0.3772	0.3886	0.3805	0.4106	0.4037	0.4039	0.4006	0.4113	0.4092	0.4217	0.4004	0.4057	0.418	0.418	0.4178	0.3824	0.3792	0.3632	0.3718	0.382	0.3646	0.3619	0.3618	0.3666	0.369	0.3549	0.3628	0.3685	0.3653	0.3519	0.3365	0.3371	0.3643	0.3718	0.3683	0.3593	0.3544	0.3504	0.3283	0.3247	0.3284	0.3375	0.3298	0.3215	0.3357	0.3074	0.3089	0.3001	0.311	0.32	0.3243	0.3238	0.3229	0.3243	0.32	0.3219	0.3262	0.3171	0.3151	0.319	0.3195	0.32	0.3224	0.3262	0.3214	0.3287	0.3008	0.3164	0.2924	0.1891	0.1874	0.1909	0.1925	0.2034	0.1975	0.1898	0.1926	0.1959	0.1887	0.185	0.1834	0.1913	0.1797	0.1748	0.1903	0.1872	0.1965	0.1917	0.1929	0.2028	0.1901	0.1938	0.1863	0.1805	0.199	0.17	0.1678	0.1679	0.169
YP_002333280.1/Rhabdoviridae/RdRp/Wongabel_hapavirus	0.4126	0.4166	0.4238	0.4214	0.4268	0.4466	0.4465	0.4384	0.5177	0.5215	0.5254	0.5268	0.5261	0.5139	0.5237	0.5175	0.8815	1.0	0.8366	0.8319	0.6583	0.4887	0.5136	0.4959	0.4214	0.4233	0.4342	0.4294	0.4225	0.4223	0.4282	0.4255	0.4209	0.4198	0.4286	0.4329	0.4206	0.4259	0.4244	0.4039	0.4053	0.4133	0.4116	0.416	0.4065	0.4079	0.4002	0.3948	0.3972	0.3903	0.3891	0.4102	0.4119	0.4099	0.3637	0.4075	0.3815	0.3934	0.3853	0.408	0.4008	0.4039	0.4054	0.4142	0.4111	0.4207	0.4033	0.4072	0.418	0.419	0.4183	0.3872	0.3796	0.3724	0.3806	0.3859	0.3613	0.359	0.3632	0.3646	0.3695	0.3515	0.3604	0.369	0.3725	0.3544	0.3375	0.3456	0.3623	0.3703	0.3683	0.3622	0.3535	0.3514	0.3366	0.334	0.3338	0.3404	0.3385	0.3264	0.3324	0.3079	0.3079	0.3031	0.3081	0.3229	0.3267	0.3296	0.3291	0.3291	0.3243	0.3262	0.3272	0.3229	0.319	0.3204	0.3267	0.3233	0.3272	0.3301	0.3219	0.332	0.3018	0.3209	0.2908	0.1913	0.188	0.1882	0.1942	0.205	0.1969	0.1871	0.1882	0.185	0.1892	0.1883	0.1878	0.1934	0.1825	0.177	0.1925	0.1883	0.1983	0.1911	0.188	0.2046	0.1918	0.1932	0.1911	0.1805	0.1968	0.1706	0.1695	0.1724	0.1701
YP_009362228.1/Rhabdoviridae/RdRp/Ord_River_hapavirus	0.4121	0.4185	0.4209	0.4195	0.4215	0.4432	0.4441	0.4341	0.5153	0.5148	0.5115	0.5134	0.5222	0.5062	0.5217	0.5141	0.8347	0.8366	1.0	0.8579	0.6474	0.4931	0.5098	0.4993	0.4195	0.4257	0.4347	0.426	0.4181	0.4228	0.4224	0.423	0.4185	0.413	0.4271	0.4286	0.4171	0.4161	0.4161	0.3971	0.4034	0.4133	0.4073	0.4126	0.4016	0.3978	0.4021	0.3871	0.3938	0.3888	0.3852	0.4073	0.4013	0.4084	0.3695	0.4114	0.3858	0.3929	0.3838	0.4049	0.4037	0.3962	0.3958	0.4171	0.413	0.4202	0.3951	0.4052	0.417	0.419	0.4202	0.3891	0.3782	0.3705	0.3766	0.3854	0.3589	0.3552	0.3565	0.3685	0.3675	0.3515	0.3643	0.3729	0.373	0.3486	0.338	0.3411	0.3628	0.3748	0.3743	0.3588	0.3549	0.347	0.3278	0.3257	0.3235	0.3351	0.3312	0.3206	0.3338	0.3026	0.3021	0.2997	0.3076	0.3267	0.3248	0.3248	0.3243	0.3291	0.3214	0.3229	0.3248	0.3214	0.319	0.32	0.3262	0.3243	0.3272	0.3253	0.3229	0.3267	0.3023	0.3194	0.2858	0.194	0.1896	0.1887	0.1991	0.2028	0.1953	0.1882	0.1904	0.1845	0.1854	0.185	0.1834	0.1923	0.1814	0.1808	0.1964	0.1877	0.1965	0.1893	0.1892	0.2004	0.1856	0.1991	0.1887	0.1799	0.1924	0.17	0.17	0.1701	0.164
YP_009361979.1/Rhabdoviridae/RdRp/Parry_Creek_hapavirus	0.4179	0.4209	0.4271	0.4233	0.4253	0.4495	0.4503	0.4408	0.5124	0.5115	0.5167	0.5191	0.5242	0.5134	0.5222	0.5118	0.8376	0.8319	0.8579	1.0	0.655	0.4863	0.5136	0.4926	0.4219	0.4272	0.4313	0.4246	0.4152	0.4209	0.4243	0.4221	0.4204	0.4135	0.4315	0.4286	0.4152	0.4127	0.4146	0.4067	0.4063	0.4123	0.4053	0.4121	0.4055	0.4002	0.4065	0.388	0.3924	0.3849	0.3871	0.4097	0.4022	0.4045	0.3719	0.4092	0.3829	0.3939	0.38	0.4044	0.4013	0.3987	0.3996	0.4147	0.4135	0.4192	0.3989	0.4086	0.4112	0.42	0.4144	0.3901	0.3752	0.3671	0.3737	0.3859	0.3656	0.3614	0.3618	0.3675	0.3685	0.3529	0.3619	0.37	0.3697	0.3529	0.338	0.3426	0.3613	0.3683	0.3713	0.3588	0.351	0.3499	0.3341	0.3267	0.3279	0.3356	0.3298	0.323	0.3362	0.3035	0.3035	0.3016	0.309	0.3214	0.3248	0.3229	0.3224	0.3243	0.3204	0.3204	0.3248	0.3185	0.3175	0.3171	0.3219	0.3209	0.3214	0.3224	0.3171	0.3267	0.3013	0.3179	0.2868	0.1902	0.1923	0.1865	0.1947	0.2023	0.1969	0.1854	0.1909	0.1856	0.1832	0.1856	0.1845	0.1907	0.183	0.1764	0.1942	0.1894	0.2019	0.1923	0.1935	0.2052	0.1845	0.189	0.1905	0.1822	0.1896	0.1695	0.1695	0.1713	0.1668
YP_009362180.1/Rhabdoviridae/RdRp/La_Joya_hapavirus	0.4049	0.4127	0.4161	0.4171	0.4077	0.4482	0.4494	0.4297	0.5146	0.5074	0.5088	0.5088	0.5196	0.517	0.5186	0.5125	0.6484	0.6583	0.6474	0.655	1.0	0.4873	0.515	0.4895	0.427	0.4289	0.4383	0.4239	0.4271	0.4318	0.4348	0.4315	0.4212	0.4152	0.4303	0.4274	0.4123	0.4152	0.4147	0.4024	0.4039	0.4162	0.4138	0.4125	0.4068	0.4015	0.3972	0.3856	0.3962	0.393	0.3874	0.3986	0.3974	0.3971	0.3805	0.4096	0.3866	0.4044	0.3748	0.4073	0.4034	0.3954	0.3968	0.408	0.4088	0.4187	0.4096	0.41	0.3986	0.4193	0.4155	0.3809	0.3738	0.3762	0.3723	0.3812	0.3639	0.3612	0.3692	0.3736	0.3716	0.3648	0.3542	0.3712	0.3635	0.3495	0.3255	0.3396	0.368	0.3721	0.3711	0.3593	0.3486	0.3406	0.3297	0.3252	0.3338	0.3215	0.3225	0.3075	0.3251	0.2976	0.3044	0.3068	0.2987	0.3243	0.3282	0.3296	0.3292	0.333	0.3292	0.3306	0.3306	0.3209	0.3253	0.3234	0.3301	0.3292	0.3287	0.3316	0.3282	0.3311	0.3025	0.3154	0.2893	0.1908	0.1837	0.1899	0.2009	0.2002	0.1899	0.191	0.1927	0.1966	0.1789	0.1878	0.1845	0.1973	0.1847	0.1801	0.1853	0.1854	0.1917	0.1881	0.1923	0.198	0.1895	0.194	0.1879	0.1943	0.1928	0.1743	0.1721	0.1727	0.1722
YP_003518294.1/Rhabdoviridae/RdRp/Ngaingan_hapavirus	0.4064	0.4055	0.4141	0.4203	0.4218	0.4335	0.4321	0.4272	0.5055	0.5022	0.5026	0.5079	0.505	0.5034	0.5125	0.4947	0.494	0.4887	0.4931	0.4863	0.4873	1.0	0.489	0.494	0.4146	0.4136	0.4168	0.412	0.4122	0.4182	0.4129	0.4116	0.4134	0.4057	0.4117	0.4068	0.4103	0.4113	0.4083	0.3998	0.3969	0.4046	0.4083	0.4066	0.4101	0.4	0.4087	0.3866	0.3948	0.3907	0.3936	0.3892	0.3997	0.4095	0.374	0.4105	0.3822	0.3857	0.4	0.4151	0.4115	0.4138	0.4148	0.4166	0.4185	0.4088	0.4104	0.4123	0.3975	0.4199	0.4061	0.3935	0.3708	0.3604	0.3692	0.3808	0.3908	0.3862	0.3929	0.3929	0.3908	0.3678	0.3756	0.3754	0.3613	0.3595	0.3308	0.334	0.3626	0.3765	0.375	0.3591	0.3619	0.3455	0.3449	0.3428	0.3417	0.3243	0.3282	0.3228	0.3271	0.3092	0.3078	0.3083	0.3204	0.3319	0.327	0.3309	0.3304	0.3324	0.3333	0.3288	0.3338	0.3309	0.3314	0.3299	0.328	0.3275	0.327	0.3362	0.3333	0.3362	0.2904	0.3027	0.2908	0.1934	0.1901	0.192	0.1958	0.1957	0.1925	0.1853	0.1871	0.1839	0.1803	0.1888	0.1883	0.1863	0.183	0.1713	0.1935	0.189	0.2011	0.1993	0.1975	0.2019	0.1857	0.196	0.1857	0.1885	0.1953	0.1726	0.171	0.1626	0.1632
YP_009362117.1/Rhabdoviridae/RdRp/Marco_hapavirus	0.4167	0.4132	0.4218	0.4203	0.4216	0.4526	0.4497	0.4373	0.5201	0.5158	0.5307	0.5312	0.5266	0.5217	0.527	0.51	0.5098	0.5136	0.5098	0.5136	0.515	0.489	1.0	0.4862	0.4302	0.4293	0.4363	0.43	0.4337	0.4329	0.4324	0.4323	0.4277	0.4234	0.4227	0.4256	0.4256	0.417	0.416	0.4041	0.4046	0.4153	0.4103	0.4087	0.4146	0.4112	0.4093	0.3945	0.4003	0.3978	0.3966	0.4072	0.4071	0.4118	0.3699	0.412	0.3906	0.3865	0.3825	0.4229	0.4067	0.3965	0.3984	0.4126	0.4122	0.4223	0.3977	0.3963	0.3983	0.4184	0.4096	0.3799	0.369	0.3663	0.3683	0.379	0.3872	0.3826	0.3816	0.3816	0.3915	0.3648	0.3644	0.3646	0.3655	0.3475	0.3298	0.3309	0.3588	0.3687	0.3702	0.3561	0.357	0.3491	0.343	0.3413	0.34	0.3303	0.3322	0.324	0.3258	0.3136	0.3102	0.315	0.3214	0.3181	0.3195	0.3171	0.3171	0.32	0.3161	0.316	0.3161	0.3161	0.3142	0.3181	0.3171	0.3133	0.3186	0.3176	0.3195	0.32	0.3074	0.3127	0.2944	0.1942	0.1941	0.1882	0.1936	0.2064	0.1937	0.1923	0.2005	0.1957	0.1769	0.1771	0.1793	0.1876	0.1832	0.165	0.1759	0.188	0.1895	0.1853	0.1858	0.1928	0.1796	0.1846	0.1876	0.1873	0.2001	0.1674	0.1613	0.1618	0.168
YP_009362189.1/Rhabdoviridae/RdRp/Joinjakaka_hapavirus	0.4072	0.4157	0.4343	0.427	0.4124	0.4404	0.4368	0.4312	0.4969	0.4988	0.4945	0.4988	0.5081	0.51	0.5115	0.4988	0.495	0.4959	0.4993	0.4926	0.4895	0.494	0.4862	1.0	0.4152	0.4239	0.428	0.4126	0.4161	0.4195	0.422	0.4173	0.419	0.4152	0.4272	0.4223	0.4073	0.4064	0.4092	0.3948	0.3876	0.401	0.4009	0.4058	0.402	0.3996	0.4054	0.3873	0.394	0.3864	0.3871	0.3913	0.3987	0.4047	0.3758	0.4144	0.39	0.3935	0.3857	0.4177	0.4029	0.4064	0.4083	0.4124	0.418	0.419	0.3998	0.4144	0.4049	0.4376	0.4155	0.383	0.3792	0.3782	0.3842	0.3792	0.3812	0.3737	0.3773	0.3805	0.3763	0.3597	0.3683	0.3699	0.3567	0.3502	0.3385	0.3381	0.3688	0.373	0.3691	0.3644	0.3441	0.3616	0.3354	0.3333	0.3443	0.3338	0.3324	0.3218	0.3234	0.3168	0.3256	0.327	0.3162	0.3293	0.3288	0.3308	0.3312	0.3308	0.3274	0.3248	0.3288	0.3245	0.325	0.3255	0.3269	0.324	0.3269	0.3356	0.3309	0.3343	0.2953	0.3106	0.2985	0.1793	0.1788	0.191	0.1844	0.1958	0.1941	0.1867	0.1906	0.1841	0.1729	0.1841	0.183	0.1874	0.1786	0.1808	0.1891	0.1817	0.1936	0.1888	0.1924	0.1965	0.1928	0.1952	0.1916	0.1903	0.2046	0.1712	0.1746	0.1702	0.1719
YP_009094101.1/Rhabdoviridae/RdRp/protein_Alagoas_vesiculovirus	0.4125	0.4092	0.4261	0.4261	0.4164	0.4456	0.4442	0.4353	0.4167	0.4182	0.4244	0.4215	0.4242	0.4261	0.4303	0.4303	0.4238	0.4214	0.4195	0.4219	0.427	0.4146	0.4302	0.4152	1.0	0.7823	0.6983	0.6731	0.592	0.5831	0.5839	0.5792	0.5778	0.5454	0.5354	0.5329	0.4601	0.4597	0.4563	0.4398	0.4417	0.4411	0.4489	0.4429	0.4385	0.4319	0.4414	0.4235	0.4288	0.4366	0.4371	0.4299	0.4363	0.4421	0.3924	0.4228	0.4094	0.4076	0.4138	0.4025	0.3949	0.4021	0.406	0.4131	0.4117	0.4103	0.4244	0.4227	0.4257	0.4078	0.4137	0.4008	0.3713	0.3656	0.3776	0.3822	0.3864	0.392	0.3873	0.3875	0.3956	0.384	0.3911	0.4001	0.3723	0.378	0.3447	0.3496	0.3742	0.3776	0.38	0.3754	0.3659	0.3487	0.3462	0.3426	0.3447	0.3311	0.3311	0.3319	0.3325	0.3294	0.3246	0.3217	0.3346	0.3367	0.3328	0.3343	0.3353	0.3295	0.3333	0.3309	0.338	0.3333	0.3372	0.3377	0.3411	0.3377	0.3401	0.3358	0.3416	0.343	0.3067	0.3159	0.297	0.1962	0.1939	0.2017	0.1886	0.2082	0.2071	0.1965	0.1987	0.1983	0.1974	0.1833	0.1871	0.189	0.1763	0.1768	0.1779	0.1796	0.1952	0.1982	0.1964	0.2153	0.1898	0.2011	0.1944	0.196	0.1998	0.1704	0.1705	0.1733	0.1739
YP_009177651.1/Rhabdoviridae/RdRp/protein_Cocal_vesiculovirus	0.4086	0.4067	0.4217	0.4222	0.4217	0.4378	0.4442	0.4392	0.4172	0.4124	0.4307	0.4317	0.4329	0.4333	0.4269	0.4298	0.4282	0.4233	0.4257	0.4272	0.4289	0.4136	0.4293	0.4239	0.7823	1.0	0.6898	0.6594	0.5882	0.587	0.5782	0.5849	0.583	0.5416	0.5382	0.5416	0.4576	0.4587	0.4572	0.4369	0.4417	0.4426	0.4522	0.4371	0.4419	0.4314	0.4409	0.4269	0.435	0.4376	0.44	0.4385	0.4392	0.445	0.3981	0.4183	0.4133	0.4172	0.4133	0.4041	0.3949	0.3929	0.392	0.4083	0.4021	0.4175	0.4225	0.4223	0.4242	0.4224	0.4259	0.4017	0.3728	0.368	0.3762	0.3852	0.3816	0.3861	0.3839	0.3836	0.3961	0.3932	0.3983	0.3967	0.3804	0.3837	0.3497	0.3545	0.3771	0.3751	0.3776	0.3759	0.3625	0.3463	0.3442	0.3363	0.3384	0.3349	0.3398	0.3367	0.3349	0.3275	0.3333	0.329	0.339	0.3328	0.3319	0.3295	0.3304	0.3324	0.3328	0.328	0.3366	0.3338	0.3353	0.3362	0.3367	0.3377	0.3406	0.3367	0.3387	0.344	0.3067	0.3179	0.297	0.1984	0.1988	0.2034	0.1903	0.2076	0.212	0.2014	0.2058	0.1972	0.1968	0.1839	0.1849	0.1868	0.1807	0.1784	0.1751	0.1807	0.194	0.194	0.1958	0.2105	0.1837	0.1969	0.1974	0.1954	0.2058	0.1682	0.1699	0.1716	0.1699
YP_009505531.1/Rhabdoviridae/RdRp/Carajas_vesiculovirus	0.4139	0.4082	0.4249	0.4288	0.4336	0.4559	0.4498	0.4506	0.4271	0.4237	0.4353	0.4339	0.4399	0.437	0.433	0.4311	0.4371	0.4342	0.4347	0.4313	0.4383	0.4168	0.4363	0.428	0.6983	0.6898	1.0	0.7008	0.5975	0.5943	0.5927	0.5808	0.5832	0.5452	0.5428	0.5486	0.471	0.4619	0.4619	0.4348	0.4353	0.4395	0.4429	0.4503	0.4498	0.4407	0.4402	0.4252	0.4333	0.4412	0.4384	0.4383	0.4351	0.4476	0.3927	0.4404	0.4121	0.4146	0.4112	0.4098	0.3874	0.399	0.399	0.4144	0.4048	0.4093	0.4281	0.4206	0.4212	0.4144	0.4281	0.4049	0.3707	0.3723	0.3789	0.3909	0.3892	0.3923	0.3881	0.3965	0.3988	0.3935	0.3884	0.4061	0.3798	0.3835	0.3465	0.3572	0.384	0.3878	0.3834	0.3788	0.3692	0.3543	0.3489	0.3463	0.3411	0.3386	0.342	0.337	0.3276	0.3375	0.3356	0.3341	0.333	0.3443	0.3453	0.3443	0.3438	0.3414	0.34	0.3375	0.3422	0.3434	0.3395	0.3371	0.3472	0.3443	0.3453	0.3443	0.3443	0.3487	0.3095	0.3163	0.2974	0.1912	0.1889	0.2044	0.1978	0.2053	0.2037	0.1975	0.198	0.1981	0.188	0.1778	0.1854	0.1829	0.1784	0.169	0.1811	0.1823	0.1892	0.1837	0.1848	0.2075	0.1897	0.2045	0.1973	0.1895	0.1997	0.1625	0.1637	0.1676	0.171
