96
Athila4-1                                          0.0000000 0.3829908 0.4174872 0.4252697 0.4889502 1.8419150 1.8130357 1.7868973 2.3101018 1.7380051 1.9372225 1.3102342 2.3701590 1.8301828 1.7950925 1.9404433 1.6671118 2.0347698 1.8012444 1.7714097 1.6386673 1.6866661 1.7863575 2.4832700 1.8989020 1.9178747 1.6999774 1.7896169 1.8012657 2.1878527 2.5590269 2.0974821 2.0860155 2.0039650 1.9007471 2.0704969 2.7086823 1.8591499 2.1697760 2.2137382 1.9664077 1.7238125 2.3689684 1.9944602 1.7407979 1.8996799 1.9803969 1.6128710 1.8625855 1.8119437 1.9731158 1.9123518 1.6481241 1.6463967 1.6188199 1.9454116 1.9566597 1.9281347 2.0024319 1.6188900 1.5062878 1.5501565 1.6425094 1.4826870 1.4927804 1.5950257 1.6252414 1.7953606 1.7960751 1.8154616 2.1328126 2.3014652 2.1171518 1.7385157 1.8078790 1.9958152 1.9099443 1.9278593 2.2430587 2.0707494 2.2250850 2.3016607 2.5553968 2.1653986 2.4275731 2.2010160 2.3245006 3.1044394 1.8775641 2.4951580 2.1868502 2.3308100 2.2711466 2.0649217 2.7393182 2.4338856 
Bagy-2                                             0.3829908 0.0000000 0.4500830 0.4533076 0.5176552 1.7465900 1.8378920 1.7607725 2.0892444 1.8016840 1.9561872 1.3742494 2.2399565 1.8603465 1.7095283 1.8083087 1.6477293 2.0384258 1.7839023 1.7576663 1.6334458 1.7821907 1.7881795 2.1818941 1.6508151 1.7411094 1.6488012 1.8034223 1.7990783 2.1874517 2.5095115 2.0083692 1.9785387 1.8469601 1.7007834 1.9310111 2.6161280 1.8110915 2.0362313 2.1774271 2.0292773 1.6319804 2.3147448 1.9068465 1.7940301 1.9505210 1.8376542 1.6237977 1.9213822 1.6903774 1.8635308 1.8399937 1.6319424 1.6601870 1.5237478 1.8250577 1.7941939 1.7755744 1.8149970 1.6113418 1.4981596 1.5324639 1.7501263 1.5573445 1.5285339 1.5486704 1.5252396 1.7812210 1.8380677 2.0267285 2.1209073 2.3358500 2.2357268 1.9296455 2.0170576 2.0483075 1.9301743 1.9103251 2.3861600 1.9643716 2.0235191 2.2175149 2.4076095 2.2321673 2.1712972 2.1466620 2.1685714 2.8771942 1.9947742 2.2869878 2.1038743 2.3689784 2.4174350 2.1221999 3.0890015 2.4690388 
Cyclops-2                                          0.4174872 0.4500830 0.0000000 0.4215552 0.5506618 1.9730623 2.0357686 1.8786639 2.2083337 1.7038255 2.0119053 1.4937026 2.3545024 1.9130325 2.0108316 1.9322275 1.6672146 2.0890099 1.8013509 1.8056304 1.7813793 1.7628887 1.8807545 2.1806546 1.7947015 1.9166122 1.7529223 2.0510417 2.0843079 2.1395305 2.6106333 2.1075083 2.0547282 1.7551302 1.7008653 2.0506443 2.5977360 1.9772463 2.0059336 2.2171873 2.0302261 1.8090603 2.6230114 1.9870253 1.8245907 2.0115927 1.7747630 1.5947135 2.1012234 1.8643749 1.7600663 1.7871409 1.8541201 1.8257024 1.6211081 2.0027673 2.0313735 2.0151618 1.9874665 1.6257644 1.4970256 1.5087378 1.7327212 1.5972206 1.6571294 1.5262392 1.6439674 1.8675415 1.8516255 1.9438589 2.0103250 2.1816501 2.0903772 1.8767920 1.7305779 1.8849672 2.0483741 2.0272441 2.4414356 2.0688668 2.2524610 2.2799361 2.5673334 2.5857786 2.3237413 2.3345218 2.3885685 3.1549281 2.0785739 2.3956484 2.1916032 2.2923125 2.4009414 2.3492009 2.8298199 2.5516866 
Calypso                                            0.4252697 0.4533076 0.4215552 0.0000000 0.5461089 2.1812954 2.1453710 1.9570928 2.3273912 2.0115337 2.0649582 1.5291874 2.3102951 2.2315763 2.0340312 2.0463245 1.8665572 2.4137037 1.9783071 2.0513919 1.9016640 2.0620136 2.1734484 2.5034451 1.8898141 2.0395502 1.8264302 2.0136112 2.2351919 2.4303718 2.7730733 2.1808970 2.2063274 2.0299068 1.9369368 2.1262144 2.7253577 2.0002954 2.2219328 2.5152107 2.2062397 2.0340183 2.5739259 2.2007311 2.1304120 2.1343225 2.1461148 1.8525121 2.3005209 2.1177843 1.9822049 1.9477383 2.0184598 1.9412312 1.9595847 2.2849018 2.2198673 2.1113330 2.2233052 1.8222954 1.6666314 1.6815546 1.8948840 1.7816834 1.7894509 1.8070070 1.7793625 1.9480172 1.9536354 2.0722620 2.3370573 2.4722060 2.5093055 1.9498675 2.0880511 2.1744888 2.3897077 2.3645628 2.4022447 2.1730466 2.4247901 2.5291130 2.5666068 2.6086133 2.4807026 2.5370070 2.5838571 3.1442253 2.2920916 2.6289124 2.3655077 2.5825015 2.7571865 2.3383254 2.7149972 2.6671618 
Diaspora                                           0.4889502 0.5176552 0.5506618 0.5461089 0.0000000 1.9057459 1.9812387 1.9385213 2.0738285 1.8404060 1.9937817 1.4206311 2.5123483 1.9209423 1.8848325 2.0030344 1.7080244 2.2513565 1.7697957 1.8788791 1.8466738 1.8137924 1.8946311 2.3126909 1.8417360 1.9451822 1.7864420 2.0909941 2.0823177 2.1136854 2.6512459 2.1767695 2.0495549 1.9047023 1.8948141 2.2539406 2.7974215 1.8551450 2.1954765 2.1503056 2.0554120 1.7109841 2.4220900 2.0149804 1.8766482 1.9723817 2.1253340 1.9391224 2.0526914 1.9470094 1.9039172 1.9084618 1.8086620 1.9248659 1.6726732 1.9871817 1.8906160 1.8729576 2.0086965 1.7194168 1.5891598 1.6507163 1.8819846 1.6955756 1.6865447 1.7961110 1.6311038 1.9300247 2.0121593 2.1275292 2.2886342 2.2971486 2.3784096 2.0624709 1.9773522 2.0782310 2.3027184 2.2790043 2.3545659 1.9288194 2.0872801 2.3098508 2.7412536 2.3796596 2.3078704 2.2720217 2.1755158 2.8470511 1.9289526 2.3816733 2.2880234 2.7292515 2.3904946 2.2192943 2.8827101 2.5958262 
RetroSor1                                          1.8419150 1.7465900 1.9730623 2.1812954 1.9057459 0.0000000 0.4393992 0.6723262 1.0125928 0.8269535 0.8450828 1.0912865 1.2411058 2.1400320 2.0619496 2.0576924 1.6774019 1.9861376 1.8171524 1.9889515 1.9100342 1.8586938 1.8655592 2.3242561 1.8734359 1.7678638 1.9481569 2.1919674 1.9917073 2.0058789 2.9134052 2.0621558 1.9668631 2.0959315 2.1325749 2.1622115 2.2605244 2.2145612 2.3426559 2.3357552 2.0588801 2.2218161 2.5240665 2.0863252 2.0815575 1.9470474 2.2536561 1.7696144 1.8519669 1.8546356 1.7417943 1.9146435 1.8246701 1.9166723 1.6484905 1.9100211 2.0063583 1.9582011 2.0687005 1.6240501 1.6830120 1.7064568 1.6814049 1.4711147 1.7498041 1.6596937 1.8571734 2.0150071 1.9704491 2.1585813 1.9329109 2.2727935 2.3609600 1.8382111 2.0455607 2.5893181 1.9974911 2.0162394 2.3221162 2.1085284 1.8978765 2.3333258 2.1516923 2.0245821 1.9204442 2.0208635 1.9964618 2.4929489 2.0303586 2.2225232 1.9527615 2.1323015 2.3221192 2.6673391 2.2024651 2.8104643 
Cinful-1                                           1.8130357 1.8378920 2.0357686 2.1453710 1.9812387 0.4393992 0.0000000 0.6278600 1.0252817 0.7417946 0.7561617 1.0523485 1.0934766 2.0258037 2.0222088 2.0575949 1.9153393 2.1916989 1.9245336 2.0629180 2.0134314 2.1093026 1.9320215 2.4905145 1.9030693 1.8945937 1.9934030 2.2580563 1.9894060 2.1090030 3.0444384 2.1679092 2.1366953 2.0388456 2.3152185 2.3131469 2.5940327 2.2840995 2.5614569 2.5888149 2.1948735 2.1579668 2.6582563 2.0609264 2.0300931 2.0267124 2.1380759 1.9043428 1.9863253 1.9250752 1.9716066 2.0855892 1.7466008 1.8968950 1.6109049 2.0547907 2.1509269 2.1224750 2.0059582 1.7727141 1.8094544 1.8267166 1.7553274 1.6213300 1.8693448 1.7438566 1.9041044 2.0535549 1.9326777 2.3133510 2.0849231 2.1961513 2.4003449 1.8793636 2.1030489 2.7032435 2.2127450 2.2340659 2.2571615 2.1684647 2.1135219 2.4368900 2.7113806 2.2548038 2.2886759 2.0726301 2.2210216 2.7260289 1.8727181 2.3677278 2.2750213 2.1968134 2.3784810 2.5874646 2.2074476 2.8607615 
RIRE2                                              1.7868973 1.7607725 1.8786639 1.9570928 1.9385213 0.6723262 0.6278600 0.0000000 0.6077985 0.7886118 0.7792371 1.0157608 0.8685475 2.2119220 2.0467264 2.0003324 1.6970016 2.2356131 2.0619349 2.0517705 1.9216462 1.9523142 1.8288812 2.4737854 1.8705183 1.8798914 1.9164843 2.4113500 2.0150438 1.9051912 3.0961003 2.4214734 2.2528515 2.1301946 2.2917158 2.3009904 2.7797456 2.2225403 2.4417391 2.4660793 2.0027906 2.1160517 2.5325985 2.0114871 2.1451483 2.1748817 2.1710886 1.9895953 2.0588546 2.1677931 1.9675247 2.0684867 1.9053481 1.9911062 1.7757946 2.2096123 2.1422034 2.0777534 2.1717023 2.0837813 2.0117809 2.1296573 2.0867489 1.7954494 2.1317037 1.9854844 1.8472575 2.1239595 2.0230194 2.5018355 2.2690311 2.3054574 2.6350805 1.8942585 2.3757544 2.6653718 2.2771404 2.2791532 2.4905418 2.1119953 2.3489566 2.7777944 2.5916200 2.2543154 2.0511378 2.1572843 2.0607992 2.7215119 1.8487480 2.4401467 2.3406417 2.0771925 2.8395827 2.5434463 2.3338830 3.1829682 
Grande1-4                                          2.3101018 2.0892444 2.2083337 2.3273912 2.0738285 1.0125928 1.0252817 0.6077985 0.0000000 1.1609127 1.1929324 1.2821732 1.0885821 2.4196478 2.6476310 2.5564030 2.3200176 2.7607227 2.3830624 2.5030355 2.6331366 2.6324482 2.2250327 2.7076560 2.3040463 2.3986543 2.2973251 2.9396134 2.5247796 2.4901974 3.7024167 2.6629478 2.7240301 2.7227969 3.0003032 2.8118398 3.6644013 2.8546433 2.9195481 3.1939067 2.5747330 2.5560581 2.9892586 2.5993978 2.6199804 2.6913714 2.4685871 2.4835266 2.4660757 2.5315886 2.4556097 2.5467093 2.2353430 2.3345051 2.2515188 2.5067234 2.5301919 2.4228646 2.5244981 2.4749906 2.3752093 2.4087154 2.3550396 2.2329040 2.3770628 2.2161042 2.4391170 2.6982595 2.6017017 3.3807140 2.5475061 2.5192814 2.6773704 2.5008473 2.8301330 3.3520354 2.9861871 2.9890172 2.7314206 2.5940650 2.7125281 3.2876223 3.1072933 3.0198013 2.5225260 2.6470150 2.4525544 3.4095808 2.5455485 2.7474311 2.8370731 2.6909236 3.3299501 3.0843940 3.1612967 3.7420846 
Tat4-1                                             1.7380051 1.8016840 1.7038255 2.0115337 1.8404060 0.8269535 0.7417946 0.7886118 1.1609127 0.0000000 0.2955743 0.9333903 1.5501767 1.8991315 2.0365861 2.0173688 1.7018867 2.2591454 1.9404504 1.9587687 1.8457025 1.8057701 1.8200098 2.4716465 1.9837029 2.0286411 1.7000734 2.2704259 1.9673654 2.0212579 2.7568654 2.1083289 2.0357596 2.0880324 2.0810986 2.1473329 2.3920917 2.2929564 2.2331563 2.4755523 1.9939768 2.2757107 2.7830405 2.2155859 2.0928480 2.0987515 1.8479342 1.9024987 2.0073680 2.0835821 1.7914582 1.7874268 1.7665572 1.8581276 1.8056015 1.8788362 2.0334018 1.9188948 2.2380424 1.9481233 1.8439002 1.9297067 2.0705216 1.8365279 2.1686496 1.9550905 1.8463094 2.3401845 2.3448782 2.1525161 2.0426917 2.1716609 2.3747784 1.9377928 2.1265511 2.5077737 2.0395380 2.0315060 2.1056623 2.0580470 1.9955108 2.4388717 2.6037184 2.1588421 2.0023746 1.9705074 2.1004551 2.5247710 1.9900712 2.4261985 2.2433538 2.1978383 2.5465051 2.4702132 2.4228626 2.7692432 
Tft2                                               1.9372225 1.9561872 2.0119053 2.0649582 1.9937817 0.8450828 0.7561617 0.7792371 1.1929324 0.2955743 0.0000000 0.9482389 1.5645153 2.0337747 2.1215764 2.0832379 1.8413876 2.1502518 2.0312293 2.0433154 2.2023901 2.1151517 1.9441855 2.5724654 2.1288937 2.0812691 1.7420132 2.4634960 2.3210681 2.2508446 2.9534724 2.4166928 2.3113382 2.1153173 2.3127877 2.3440553 2.5764661 2.4491395 2.4580117 2.5580976 2.1467399 2.4237528 2.9410797 2.4352061 2.1664105 2.3949801 2.0299224 1.9858869 2.0664944 2.1872318 1.9808234 2.0109891 1.8485949 1.9928832 1.9413077 2.0996770 2.1501734 2.0628500 2.2881374 2.1275756 1.9814054 2.1472061 2.1741350 1.9258806 2.1743662 1.9943919 2.0306191 2.4822003 2.3831019 2.2963791 2.2083342 2.2888989 2.5412399 2.2426863 2.1937249 2.5603259 2.3508117 2.3413372 2.3348115 2.0241749 2.1040637 2.7503397 2.4188758 2.3338917 2.0734971 2.1031926 2.1761671 2.6632310 2.0552147 2.7295700 2.5741205 2.2832886 2.6786114 2.6696102 2.4546889 2.6673276 
Ogre                                               1.3102342 1.3742494 1.4937026 1.5291874 1.4206311 1.0912865 1.0523485 1.0157608 1.2821732 0.9333903 0.9482389 0.0000000 1.5057126 1.9159722 1.8490939 1.7335919 1.7047705 1.9578810 1.6730835 1.6883815 1.6319827 1.6283308 1.5935879 2.1488948 1.6779295 1.6835595 1.5736133 2.0047877 1.8338822 1.8479667 2.4063022 2.0117325 1.9008872 1.9197008 2.1309398 2.0683033 2.3076149 2.2110390 2.0204376 2.4035643 2.0998380 1.8665452 2.4343165 2.1307062 1.7095807 1.9109286 1.7284909 1.5222354 1.8496190 1.6571040 1.7566021 1.7661971 1.7065551 1.8749801 1.8664640 1.8452275 1.9433693 1.8148476 2.0808962 1.7386312 1.6784753 1.6676949 1.6631476 1.4346832 1.7728227 1.7424299 1.7116108 2.0871088 2.0886499 2.2430122 1.8792483 2.0219777 2.2175457 1.8810921 2.1862146 2.4159974 2.2470576 2.2381867 2.0978116 1.9666767 1.7286965 2.2656484 2.1394751 2.1481475 2.0850472 1.9706274 1.8542817 2.4446037 2.0114519 2.1704670 2.0805228 2.2056603 2.2854029 2.1852872 2.4267775 2.7867959 
B1147A04.5                                         2.3701590 2.2399565 2.3545024 2.3102951 2.5123483 1.2411058 1.0934766 0.8685475 1.0885821 1.5501767 1.5645153 1.5057126 0.0000000 3.0116104 2.9362246 2.7275349 2.3461208 2.9480782 2.7011611 2.6694618 2.5372375 2.6544789 2.4503194 2.8518399 2.4622428 2.5065565 2.3955405 2.9468654 2.6299749 2.5383581 3.3733330 3.0713530 2.9099714 2.8061691 3.2812075 2.8724748 3.2895327 3.0145082 3.3776652 3.2060691 2.5291130 2.6349402 3.0494577 2.3720950 2.4940919 2.5588003 2.4815415 2.6608152 2.5671615 2.4480119 2.7180409 2.6388836 2.1489221 2.2059586 2.2518988 2.4791308 2.5047925 2.4245022 2.3599796 2.3677808 2.2026049 2.1963615 2.3494860 2.2477114 2.5794944 2.2731063 2.6341776 2.9015841 2.8699000 2.9152525 2.6375910 2.6664017 2.8605628 2.1761944 2.8748059 3.5647471 2.9346693 2.9375764 2.4497771 2.9680869 3.1970869 3.4868534 3.4036629 3.2388202 3.1624967 3.0531963 2.9982370 3.6528430 2.9323913 3.0990333 2.8732674 2.7525922 3.3528257 3.1901291 3.4811620 3.7880547 
Gloin                                              1.8301828 1.8603465 1.9130325 2.2315763 1.9209423 2.1400320 2.0258037 2.2119220 2.4196478 1.8991315 2.0337747 1.9159722 3.0116104 0.0000000 0.6979033 0.6401188 0.8514581 0.9862878 0.8783464 0.8586862 0.7903234 0.8946877 0.9179601 1.3665236 0.9965404 0.9619704 1.0340052 0.9418424 1.0301161 1.1121086 1.5221227 1.2723460 1.2107032 1.1602611 1.3618389 1.2139100 1.5932417 1.3881555 1.2109652 1.5905245 1.2508082 1.4518939 1.9784857 1.4668148 1.4978713 1.3962400 1.1032782 1.3000662 1.6177592 1.6503676 1.7456403 1.7562940 1.3016295 1.3224991 1.2189695 1.6412899 1.5993941 1.5097599 1.6338902 1.3114764 1.3117591 1.3089545 1.5531384 1.2703872 1.4672427 1.4725362 1.4991891 1.9797375 1.8547842 1.7055381 1.5396238 1.5776343 1.6317535 1.8520620 1.6376976 1.8435814 1.4731312 1.4743345 1.9563082 1.6317116 1.7517189 2.1040549 2.3839218 1.9007838 2.0763040 1.9747602 2.2848638 2.3835878 2.3659909 2.4515418 2.0354323 2.0518715 1.7923253 2.4151531 2.7485813 2.1712692 
Ifg7                                               1.7950925 1.7095283 2.0108316 2.0340312 1.8848325 2.0619496 2.0222088 2.0467264 2.6476310 2.0365861 2.1215764 1.8490939 2.9362246 0.6979033 0.0000000 0.6003601 0.8595531 0.9599888 0.8503755 0.9478522 0.8853869 0.9414663 0.9588535 1.4049667 0.9814049 0.9672616 1.1006556 1.2042428 1.0486356 1.0618545 1.5957139 1.3635140 1.3285988 1.3943614 1.5108023 1.1430158 1.6871175 1.3913300 1.3938923 1.4345682 1.3717841 1.4278212 1.9761705 1.4170347 1.4693285 1.4297592 1.0701136 1.3128234 1.6773524 1.7886917 1.8570474 1.8666461 1.3574133 1.2836486 1.3208686 1.6218535 1.5153146 1.5381548 1.5499523 1.2582685 1.2512420 1.2913232 1.3651328 1.2628995 1.2338131 1.3192843 1.4284827 2.0718819 1.9555008 1.7634858 1.7789512 1.9120236 2.0320577 1.7361853 1.8518546 1.8655673 1.6600217 1.6613971 1.7983256 1.6096531 1.6953797 1.8945841 2.1139611 1.9565605 2.1995370 2.2760993 2.3167513 2.3395018 2.4031053 2.2159928 2.3225468 2.4785540 1.8805278 2.2963226 3.1231144 2.4140182 
Gimli                                              1.9404433 1.8083087 1.9322275 2.0463245 2.0030344 2.0576924 2.0575949 2.0003324 2.5564030 2.0173688 2.0832379 1.7335919 2.7275349 0.6401188 0.6003601 0.0000000 0.7585667 0.9315954 0.7972395 0.7845463 0.7756699 0.7847066 0.8101811 1.2846957 0.8797435 0.8441576 0.8967737 0.9732342 0.9570478 0.9702867 1.3682837 1.0426819 1.2051316 1.1696873 1.1078767 1.1366424 1.5675567 1.3076737 1.1436991 1.4000939 1.1803669 1.2835311 1.8533215 1.3127921 1.3860157 1.3858652 0.9895190 1.1941518 1.5596144 1.5405793 1.6778733 1.7486659 1.3649240 1.3753233 1.3421068 1.4575396 1.5365330 1.4918138 1.5167888 1.3252184 1.3285769 1.3203888 1.5088654 1.2725897 1.3536242 1.2844313 1.3252040 1.9749906 1.7380126 1.4890215 1.4868174 1.6477833 1.8124895 1.6031852 1.7117341 1.7465890 1.5274341 1.5286632 1.7957007 1.5790912 1.3825561 1.7348909 2.0132674 1.7072889 1.9948663 1.7904592 2.0229571 2.0175409 2.3603412 2.1720830 1.9880220 2.1227316 1.7409595 2.2181921 3.1340971 2.1751458 
Reina                                              1.6671118 1.6477293 1.6672146 1.8665572 1.7080244 1.6774019 1.9153393 1.6970016 2.3200176 1.7018867 1.8413876 1.7047705 2.3461208 0.8514581 0.8595531 0.7585667 0.0000000 0.9968952 0.8936897 0.8559158 0.8085785 0.8742752 0.8312717 1.2641595 0.9184344 0.8304030 0.9857234 1.0258257 0.9594334 1.0690056 1.4696725 1.1268622 1.0516711 0.9986017 1.0575738 1.0876155 1.4226504 1.2752900 1.0863014 1.2481173 1.1747460 1.1465722 1.7042073 1.2204151 1.3371764 1.1216552 1.0696979 1.2478571 1.5012377 1.5553896 1.5601785 1.5562867 1.1511529 1.1668714 1.2531001 1.4094323 1.3985410 1.2564934 1.4534143 1.1193577 1.1127062 1.1542395 1.1703454 1.0276986 1.3208920 1.2306481 1.2752184 1.7882705 1.8038178 1.4368638 1.4842760 1.6985258 1.7970141 1.4550243 1.6919182 1.6405236 1.3837507 1.3970515 1.4725812 1.5216109 1.6322221 2.0249762 2.1144801 1.8185961 1.7683137 1.7569568 1.9768054 1.9675813 2.0613863 2.0514230 1.9144779 1.8140663 1.8659126 2.1619103 2.3768370 2.0492239 
Del                                                2.0347698 2.0384258 2.0890099 2.4137037 2.2513565 1.9861376 2.1916989 2.2356131 2.7607227 2.2591454 2.1502518 1.9578810 2.9480782 0.9862878 0.9599888 0.9315954 0.9968952 0.0000000 0.5625747 0.4771800 0.5821434 0.6183289 0.6436889 1.2596387 0.8591406 0.8787721 1.0687589 0.9379644 0.8616520 0.9557064 1.3605414 1.2029629 1.2732977 1.1318168 1.2748230 1.1967926 1.6536708 1.3712052 1.3259767 1.3446268 1.1583860 1.3325072 1.8315742 1.5058828 1.4715564 1.3153833 1.0197418 1.6267548 1.9102245 1.9194960 1.7877743 1.8261192 1.4443025 1.4282024 1.5270925 1.5879593 1.6694290 1.5768113 1.6577850 1.3951624 1.4575093 1.4534681 1.5985211 1.4156518 1.5594934 1.5341740 1.5805009 2.0783726 2.0331353 2.0216046 1.9938798 1.9603014 1.9923352 1.7879195 1.9727400 2.1465171 1.6374777 1.6531880 2.0531836 1.9549201 1.9020424 2.3908428 2.3315883 2.1172533 2.5087710 2.4418660 2.5062051 2.6093309 2.2471089 2.6834617 2.1686847 2.1984439 2.2694688 2.7823794 3.3557532 2.2747469 
Peabody                                            1.8012444 1.7839023 1.8013509 1.9783071 1.7697957 1.8171524 1.9245336 2.0619349 2.3830624 1.9404504 2.0312293 1.6730835 2.7011611 0.8783464 0.8503755 0.7972395 0.8936897 0.5625747 0.0000000 0.4203447 0.5361802 0.5216679 0.5706673 1.0821869 0.7508070 0.7057517 0.9617437 0.8698580 0.8313607 0.9190556 1.2677582 1.1943575 1.1466401 1.0152614 1.1452779 1.1585246 1.4115573 1.1333910 1.3325328 1.2755118 1.1297305 1.2286597 1.8109584 1.4046228 1.2397551 1.1764158 0.8960803 1.1518545 1.5224053 1.5741739 1.5591725 1.6419250 1.3176116 1.3075537 1.4677782 1.5275729 1.6090301 1.4777695 1.6292626 1.3741162 1.2683527 1.2631052 1.3366110 1.2487038 1.3301566 1.3051880 1.2929012 1.8555609 1.8710492 1.6855350 1.7197674 1.8387724 1.7513240 1.6868596 1.3969640 1.8638207 1.4467443 1.4311054 1.7538492 1.6515771 1.4627514 2.0338277 1.9644747 1.7347670 2.0386564 2.1207661 2.1109217 2.1359856 1.9844093 2.2638333 1.6680469 2.0220177 1.9144470 2.1157948 2.9934129 2.3494694 
Retrosat-2                                         1.7714097 1.7576663 1.8056304 2.0513919 1.8788791 1.9889515 2.0629180 2.0517705 2.5030355 1.9587687 2.0433154 1.6883815 2.6694618 0.8586862 0.9478522 0.7845463 0.8559158 0.4771800 0.4203447 0.0000000 0.5257676 0.5447864 0.4470617 1.1203112 0.7406803 0.7225619 0.8441776 0.8575230 0.8155794 0.9572433 1.1997219 1.1514788 1.1691916 1.0292240 1.0395133 1.1732624 1.5319002 1.1743643 1.2003537 1.2704811 1.0708662 1.2126321 1.8009524 1.4226495 1.1456142 1.1153389 0.8523608 1.2416449 1.6482581 1.6073902 1.4935979 1.4772590 1.3069305 1.3775672 1.3157882 1.5337380 1.6333463 1.5002987 1.5883892 1.3648367 1.3197986 1.3224938 1.3624266 1.2197863 1.5162171 1.3916270 1.3722965 1.9263889 1.8681544 1.6698664 1.6270368 1.6938370 1.6811637 1.5624013 1.6070650 1.8582791 1.4489598 1.4335098 1.8053168 1.6161951 1.4570231 2.0756015 2.0249585 1.7171941 1.9578615 1.8151193 1.9106963 2.0615961 2.2725010 2.4338845 1.8554402 1.9973527 2.0550343 2.2591712 2.8543860 2.3220329 
Tma                                                1.6386673 1.6334458 1.7813793 1.9016640 1.8466738 1.9100342 2.0134314 1.9216462 2.6331366 1.8457025 2.2023901 1.6319827 2.5372375 0.7903234 0.8853869 0.7756699 0.8085785 0.5821434 0.5361802 0.5257676 0.0000000 0.2599712 0.6265821 1.1515963 0.8352829 0.7625194 0.8916740 0.8487244 0.8652175 0.8746262 1.1447507 1.0094569 1.1418962 1.0077369 1.0247561 1.0269148 1.3111168 1.1031586 1.1379788 1.0918718 0.9387649 1.0344267 1.4788480 1.1583160 1.2367535 1.0711977 0.9196201 1.2478572 1.4797603 1.5271015 1.5949589 1.6241989 1.2899293 1.1806059 1.3338939 1.5658711 1.6043107 1.4290949 1.4887068 1.2272615 1.1800125 1.1337569 1.2367748 1.1051399 1.3007691 1.2071671 1.3589811 1.7923798 1.7983805 1.6405937 1.5937521 1.7646872 1.7367301 1.4620882 1.5489484 1.6660861 1.4560735 1.4700860 1.5332005 1.7237804 1.6022480 2.0869824 2.1771720 1.8582455 1.9395169 1.7532216 1.9848980 2.0788792 2.1231498 2.2434961 1.8573698 2.1288922 1.8834890 2.1613271 2.6491512 2.2991094 
Legolas                                            1.6866661 1.7821907 1.7628887 2.0620136 1.8137924 1.8586938 2.1093026 1.9523142 2.6324482 1.8057701 2.1151517 1.6283308 2.6544789 0.8946877 0.9414663 0.7847066 0.8742752 0.6183289 0.5216679 0.5447864 0.2599712 0.0000000 0.6830097 1.1554720 0.8508934 0.8458826 0.9860664 0.8911098 0.8892588 0.9415990 1.1932813 1.0666812 1.2604564 1.0623664 1.1701575 1.0875990 1.3598843 1.1830797 1.2151006 1.3061884 1.0811411 1.1383445 1.5645504 1.3888088 1.2481362 1.1612444 0.9245356 1.2275730 1.4370487 1.5757141 1.5115193 1.5318397 1.2589673 1.2769317 1.3474882 1.5510856 1.6376801 1.4294905 1.6358524 1.3106936 1.2519248 1.1805901 1.3211368 1.1864458 1.2624326 1.2729437 1.4403123 1.7706603 1.7377878 1.5437878 1.5755344 1.7599169 1.7182298 1.5454862 1.4642555 1.7630816 1.6072077 1.6221812 1.6294098 1.6299214 1.5242786 1.9570809 2.0468979 1.7483815 2.0052600 1.9255334 2.0734646 2.1487643 2.0372337 2.2423032 1.8243900 2.0440449 1.7775992 2.0821980 2.6040510 2.3432727 
Bagy-1                                             1.7863575 1.7881795 1.8807545 2.1734484 1.8946311 1.8655592 1.9320215 1.8288812 2.2250327 1.8200098 1.9441855 1.5935879 2.4503194 0.9179601 0.9588535 0.8101811 0.8312717 0.6436889 0.5706673 0.4470617 0.6265821 0.6830097 0.0000000 1.1744052 0.8412308 0.8035664 0.8582476 0.8963852 0.7785296 1.0670993 1.2063935 1.1850330 1.1797900 1.1377584 1.1075458 1.1878320 1.5419565 1.2103113 1.2195238 1.2339633 1.0321150 1.1579148 1.6342617 1.4676714 1.2535485 1.1986182 0.9092952 1.2214672 1.6159917 1.6376677 1.7135391 1.7316289 1.2683833 1.2923425 1.3563292 1.6495380 1.6292869 1.5119534 1.6310514 1.3013668 1.3182307 1.3138676 1.3522739 1.2576561 1.3978699 1.4394481 1.3181946 1.9161342 1.9379103 1.8743594 1.5737399 1.6023717 1.7624835 1.5359107 1.6828665 1.8578859 1.3854716 1.3699710 1.8184206 1.8698394 1.6027107 2.1099897 2.1839165 1.7502360 2.1917063 2.1676057 2.1844769 2.2507528 2.2296702 2.4264685 1.8938871 1.9149200 1.8252913 2.4421963 2.9919862 2.3270032 
Cereba                                             2.4832700 2.1818941 2.1806546 2.5034451 2.3126909 2.3242561 2.4905145 2.4737854 2.7076560 2.4716465 2.5724654 2.1488948 2.8518399 1.3665236 1.4049667 1.2846957 1.2641595 1.2596387 1.0821869 1.1203112 1.1515963 1.1554720 1.1744052 0.0000000 0.3202936 0.6724601 1.3908690 1.5464164 1.5179997 1.3003934 1.6343945 1.5434989 1.5284480 1.5106897 1.6618457 1.4168994 1.6906454 1.5388289 1.7859438 1.6288090 1.4348991 1.5200521 2.1355034 1.7515038 1.8970711 1.5043664 1.6588684 1.6494392 1.9600134 1.9999098 2.2525115 2.2769083 1.7029585 1.6452972 1.7592539 1.9406217 2.0087144 1.8535179 2.0800673 1.6465022 1.6381423 1.6217438 1.7789576 1.6545613 1.8443237 1.8537729 1.9177943 2.5458465 2.4279130 2.3702793 2.1301811 1.9970324 2.2496693 2.0125436 2.2804219 2.4420228 1.9604752 1.9401239 2.0573127 2.2282127 2.2273639 3.0549754 2.8206811 2.6164940 2.5432018 2.3826229 2.5738788 3.1492453 2.9213172 2.6961877 2.4533136 2.7750585 2.5789605 2.5893800 3.4800265 2.9075992 
CRM                                                1.8989020 1.6508151 1.7947015 1.8898141 1.8417360 1.8734359 1.9030693 1.8705183 2.3040463 1.9837029 2.1288937 1.6779295 2.4622428 0.9965404 0.9814049 0.8797435 0.9184344 0.8591406 0.7508070 0.7406803 0.8352829 0.8508934 0.8412308 0.3202936 0.0000000 0.3660428 0.9459933 1.1118893 1.0591823 0.9114781 1.2714583 1.1333860 1.1513545 1.0848476 1.1571823 1.0747342 1.4042550 1.2148867 1.3314272 1.2830082 1.0843413 1.1128434 1.6554664 1.2644663 1.5050844 1.1532625 1.1904730 1.1886853 1.4324676 1.5981562 1.7762486 1.7873011 1.3544332 1.3160538 1.3975068 1.5455718 1.5910295 1.4695661 1.6016963 1.2988734 1.3133966 1.2756297 1.3880551 1.2312488 1.4838006 1.4484818 1.4035217 1.9254165 1.8957852 1.8292973 1.6305261 1.6947589 1.7843838 1.6163263 1.6821321 2.0055301 1.5162728 1.5005410 1.6317941 1.8871198 1.7708701 2.2475582 2.2194746 2.0027596 2.0253928 1.9476920 2.0082962 2.3628664 2.3156409 2.2054212 1.8667353 2.3028521 2.0854674 2.3379167 2.9802112 2.3415026 
Beetle1                                            1.9178747 1.7411094 1.9166122 2.0395502 1.9451822 1.7678638 1.8945937 1.8798914 2.3986543 2.0286411 2.0812691 1.6835595 2.5065565 0.9619704 0.9672616 0.8441576 0.8304030 0.8787721 0.7057517 0.7225619 0.7625194 0.8458826 0.8035664 0.6724601 0.3660428 0.0000000 0.8817821 1.0443089 0.9727431 0.8629853 1.2525629 1.2067713 1.0473501 1.0492810 1.1000895 1.1099518 1.3273827 1.2017088 1.2136915 1.2725484 1.0832898 1.0766014 1.5965047 1.3481867 1.4300361 1.1148786 1.0760129 1.1908533 1.6512816 1.5616311 1.6277573 1.7330237 1.3203664 1.2721762 1.4677780 1.5516552 1.5404257 1.3378166 1.5328234 1.3471318 1.3576126 1.4020036 1.3260925 1.2253757 1.4214591 1.4078442 1.2209091 1.7002309 1.6474915 1.8620863 1.6341648 1.7276133 1.9623545 1.5572209 1.6913208 1.8108427 1.4457010 1.4304761 1.7166893 1.7005131 1.4456638 2.0920630 2.0793930 1.8582978 1.9191100 1.9311113 2.0499686 2.0112999 2.3340484 2.3543762 1.7235071 2.1334836 1.9546289 2.3300468 2.8900428 2.1820288 
Tse3                                               1.6999774 1.6488012 1.7529223 1.8264302 1.7864420 1.9481569 1.9934030 1.9164843 2.2973251 1.7000734 1.7420132 1.5736133 2.3955405 1.0340052 1.1006556 0.8967737 0.9857234 1.0687589 0.9617437 0.8441776 0.8916740 0.9860664 0.8582476 1.3908690 0.9459933 0.8817821 0.0000000 1.0887489 1.0368535 1.0728392 1.5418034 1.1681959 1.1087070 1.0540032 1.1633967 1.1507950 1.4037460 1.1209449 1.1571353 1.2473722 1.0328643 1.1447186 1.7039282 1.4583727 1.2851599 1.1894123 1.0393071 1.0833582 1.5174953 1.6075254 1.5046297 1.5114665 1.2427072 1.2049350 1.4525657 1.3572744 1.3810876 1.3900551 1.5124209 1.4152893 1.4066804 1.3282441 1.3925705 1.2499467 1.3193242 1.3124158 1.2502925 1.6975733 1.5873621 1.7649033 1.6210602 1.7695098 1.7639304 1.5718759 1.4060041 1.6426287 1.4513679 1.4361179 1.9012854 1.6387723 1.3876100 1.8565459 1.9635979 1.6408930 2.0217500 2.0381065 2.1192412 1.9343032 2.0159761 1.8564265 1.7614851 2.0521008 1.8045832 2.1861657 2.9399320 2.1876912 
Monkey                                             1.7896169 1.8034223 2.0510417 2.0136112 2.0909941 2.1919674 2.2580563 2.4113500 2.9396134 2.2704259 2.4634960 2.0047877 2.9468654 0.9418424 1.2042428 0.9732342 1.0258257 0.9379644 0.8698580 0.8575230 0.8487244 0.8911098 0.8963852 1.5464164 1.1118893 1.0443089 1.0887489 0.0000000 0.4652342 1.1838656 0.8337615 1.1204245 1.1533540 1.1821706 1.2072482 1.1322595 1.3685674 1.1266357 1.1112973 1.4349471 1.2024204 1.2620904 1.7436521 1.5879972 1.4712388 1.3112735 1.0354822 1.3165204 1.5882316 1.6807153 1.8491076 1.8253883 1.5333226 1.7121386 1.5103710 1.6808220 1.7280821 1.5437435 1.7137307 1.5626043 1.5353750 1.5509409 1.5380186 1.4841844 1.5149825 1.6483632 1.5597789 1.9345578 1.8092632 1.9805592 1.8452418 2.0458670 1.8760347 1.7224510 1.8499054 1.7324940 1.5184411 1.5024399 1.9506208 1.7440854 1.7972617 2.1908665 2.4084787 1.8166756 2.0796321 1.9694888 2.2446357 2.2557677 2.2139022 2.6165544 2.0008661 2.1905092 1.9608640 2.4961555 2.8906774 2.6583384 
Galadriel                                          1.8012657 1.7990783 2.0843079 2.2351919 2.0823177 1.9917073 1.9894060 2.0150438 2.5247796 1.9673654 2.3210681 1.8338822 2.6299749 1.0301161 1.0486356 0.9570478 0.9594334 0.8616520 0.8313607 0.8155794 0.8652175 0.8892588 0.7785296 1.5179997 1.0591823 0.9727431 1.0368535 0.4652342 0.0000000 1.0461754 0.8566233 1.1683672 1.0702300 1.2175941 1.1406482 1.1128730 1.4422345 1.1977954 1.1261642 1.3187470 1.1085627 1.1130713 1.4834005 1.2661585 1.2860265 1.1332254 1.0529473 1.2567490 1.5459947 1.5639868 1.8160803 1.6795367 1.5591169 1.5483409 1.3991518 1.5318772 1.6514881 1.5570862 1.6178990 1.3321996 1.3718375 1.4101800 1.4308690 1.3749674 1.4231892 1.5344581 1.4289365 2.0366136 2.1114842 1.8704671 1.8564676 1.9419461 1.8829629 1.4634312 1.7890000 1.7118665 1.4903738 1.4748096 1.5511652 1.7459182 1.7753571 2.2304499 2.4100760 1.9892543 1.9510198 1.8173977 2.1014208 2.1246792 1.9066785 2.5378685 2.1506267 2.0745312 1.9824379 2.4549754 2.9384642 2.1999723 
G-Rhodo                                            2.1878527 2.1874517 2.1395305 2.4303718 2.1136854 2.0058789 2.1090030 1.9051912 2.4901974 2.0212579 2.2508446 1.8479667 2.5383581 1.1121086 1.0618545 0.9702867 1.0690056 0.9557064 0.9190556 0.9572433 0.8746262 0.9415990 1.0670993 1.3003934 0.9114781 0.8629853 1.0728392 1.1838656 1.0461754 0.0000000 1.4177463 1.2865819 1.2291520 1.4765729 1.3740083 1.3566439 1.7733420 1.2985280 1.2294849 1.3953871 1.1919346 1.2108695 1.8311551 1.1796291 1.4118772 1.4063595 1.1334022 1.3707183 1.3306066 1.4332445 1.6921629 1.7001731 1.4850370 1.5253933 1.4660595 1.6572447 1.6947624 1.5994480 1.7766390 1.4820289 1.4435948 1.4683954 1.5643677 1.2989516 1.4203559 1.3957822 1.3793451 1.9163545 1.7600351 1.7546611 1.8098915 1.7897381 1.8403013 1.6618364 1.4081936 1.8715613 1.7271162 1.7428145 1.8003327 1.7114334 1.6420185 2.2977457 2.3268053 1.9506926 2.1911150 1.9458519 2.1727486 2.4010488 2.1084331 2.1590990 2.0467156 2.3248516 1.9704291 2.5771346 2.8639257 2.5288185 
Tntom1                                             2.5590269 2.5095115 2.6106333 2.7730733 2.6512459 2.9134052 3.0444384 3.0961003 3.7024167 2.7568654 2.9534724 2.4063022 3.3733330 1.5221227 1.5957139 1.3682837 1.4696725 1.3605414 1.2677582 1.1997219 1.1447507 1.1932813 1.2063935 1.6343945 1.2714583 1.2525629 1.5418034 0.8337615 0.8566233 1.4177463 0.0000000 1.5030554 1.4307432 1.5252952 1.7494853 1.7461602 1.9647308 1.7546185 1.5885724 1.7360408 1.7442037 1.6212116 1.9539249 1.9085822 2.0077464 1.6944671 1.5674128 1.8563648 2.3086651 2.1337467 2.4022796 2.1931929 2.2047952 2.1766219 2.0822836 2.2911812 2.4071492 2.3424730 2.3380747 2.0610104 2.1185171 2.0898382 1.8574947 1.8452850 2.2186685 2.1826796 1.9238735 2.5586557 2.7350620 2.5303219 2.5000566 2.4031053 2.2491117 2.3307802 2.3362590 2.1607846 2.1726014 2.1503104 2.1866158 2.4118106 2.2602333 2.7197750 3.0228075 2.4355529 2.5570296 2.2002107 2.6445617 2.5327540 2.8650274 3.0343482 2.7344811 2.8592031 2.8153956 3.2363447 3.5061021 3.0957060 
Sushi-ichi                                         2.0974821 2.0083692 2.1075083 2.1808970 2.1767695 2.0621558 2.1679092 2.4214734 2.6629478 2.1083289 2.4166928 2.0117325 3.0713530 1.2723460 1.3635140 1.0426819 1.1268622 1.2029629 1.1943575 1.1514788 1.0094569 1.0666812 1.1850330 1.5434989 1.1333860 1.2067713 1.1681959 1.1204245 1.1683672 1.2865819 1.5030554 0.0000000 0.5445747 0.7282007 0.9604266 0.9822805 1.0388031 1.1042748 0.8768089 1.1117199 1.0720950 1.1570990 1.5976023 1.2365146 1.3786878 1.1897862 1.2989204 1.5470423 1.6779845 1.6857817 1.8943671 1.8115990 1.6075335 1.5941039 1.3400795 1.5575595 1.5621910 1.4536407 1.4873203 1.4433438 1.4698729 1.4374950 1.5950577 1.4924121 1.5222906 1.5503604 1.3344005 2.4318306 2.3077835 1.8650550 1.6809436 1.8685472 1.8735541 1.7028388 1.5831080 1.7455537 1.3783269 1.3917974 2.1814016 1.6539317 1.8258764 2.4696917 2.2330532 1.9323687 2.0626476 1.9152288 1.9964951 2.1051134 2.4003261 2.1840858 2.0616855 2.0685068 2.2504184 2.3778826 2.8514800 2.5228427 
Amn-ni                                             2.0860155 1.9785387 2.0547282 2.2063274 2.0495549 1.9668631 2.1366953 2.2528515 2.7240301 2.0357596 2.3113382 1.9008872 2.9099714 1.2107032 1.3285988 1.2051316 1.0516711 1.2732977 1.1466401 1.1691916 1.1418962 1.2604564 1.1797900 1.5284480 1.1513545 1.0473501 1.1087070 1.1533540 1.0702300 1.2291520 1.4307432 0.5445747 0.0000000 0.5778878 0.8971121 0.7986183 0.9826247 1.0022640 0.9528033 1.1218152 1.1072054 0.9740364 1.5015734 1.2051012 1.3032994 0.9996299 1.3609206 1.2552348 1.9041386 1.7804333 1.8224051 1.7228134 1.5732922 1.5236205 1.3118298 1.5149510 1.5490441 1.4976475 1.5962596 1.3379033 1.3955456 1.3649841 1.3946953 1.3622619 1.5557058 1.5449511 1.3668334 2.2654147 2.2293909 1.8346360 1.5960255 1.8120438 1.7773976 1.7600091 1.6989534 1.7057100 1.3347309 1.3204757 2.0748206 1.7488964 1.7828482 2.4293619 2.5488818 2.1026669 2.0411651 2.0725954 2.1218344 1.9816250 2.1991102 2.4652516 2.1221758 1.9792769 2.2186038 2.3161944 3.0079125 2.5266492 
Amn-san                                            2.0039650 1.8469601 1.7551302 2.0299068 1.9047023 2.0959315 2.0388456 2.1301946 2.7227969 2.0880324 2.1153173 1.9197008 2.8061691 1.1602611 1.3943614 1.1696873 0.9986017 1.1318168 1.0152614 1.0292240 1.0077369 1.0623664 1.1377584 1.5106897 1.0848476 1.0492810 1.0540032 1.1821706 1.2175941 1.4765729 1.5252952 0.7282007 0.5778878 0.0000000 0.6837350 0.9730389 1.1333967 1.0678939 0.8860552 1.1349153 1.1396675 1.0169778 1.4648769 1.2812713 1.3521165 1.0363235 1.1491411 1.4059917 2.0616819 1.8986881 1.9963556 1.9391366 1.4224632 1.5174868 1.3738960 1.6648609 1.6501999 1.5262921 1.5370829 1.4769892 1.5495758 1.4559230 1.5593305 1.4263043 1.6110101 1.5406130 1.3975527 1.9931786 2.1364378 1.7706189 1.7980403 1.7967572 1.9691197 1.9247172 1.7798126 1.8018037 1.4732231 1.4576429 2.3083344 1.6547322 1.8354549 2.4910403 2.6185757 1.9586755 2.0184809 2.0564503 2.0193366 2.1562197 1.9783130 2.1958509 2.2978973 2.2190397 2.1862376 2.2694757 2.8856876 2.2995412 
Amn-ichi                                           1.9007471 1.7007834 1.7008653 1.9369368 1.8948141 2.1325749 2.3152185 2.2917158 3.0003032 2.0810986 2.3127877 2.1309398 3.2812075 1.3618389 1.5108023 1.1078767 1.0575738 1.2748230 1.1452779 1.0395133 1.0247561 1.1701575 1.1075458 1.6618457 1.1571823 1.1000895 1.1633967 1.2072482 1.1406482 1.3740083 1.7494853 0.9604266 0.8971121 0.6837350 0.0000000 0.9766094 1.2145760 0.9256124 0.9171517 1.0457506 0.8859464 0.9820605 1.5317058 1.1710201 1.2461776 1.0919130 1.2797698 1.3679593 1.6824227 1.6617947 1.9512388 2.0262425 1.6334977 1.6349988 1.5156059 1.7287879 1.7535424 1.5949500 1.7686104 1.4697291 1.5857792 1.5091716 1.7151159 1.5240889 1.5947361 1.6305496 1.5515930 2.1556790 2.1229143 1.7303083 1.6689623 1.7541380 1.6624782 1.6886492 1.7534745 1.7316771 1.1347935 1.1462744 2.2523030 1.9193615 1.8129235 2.1636642 2.2791077 2.0961905 1.9812962 1.9374426 2.0097946 2.1523924 2.0579178 2.3704267 2.1185051 2.0400749 2.0600918 2.3032117 3.1080937 2.6925574 
Cgret                                              2.0704969 1.9310111 2.0506443 2.1262144 2.2539406 2.1622115 2.3131469 2.3009904 2.8118398 2.1473329 2.3440553 2.0683033 2.8724748 1.2139100 1.1430158 1.1366424 1.0876155 1.1967926 1.1585246 1.1732624 1.0269148 1.0875990 1.1878320 1.4168994 1.0747342 1.1099518 1.1507950 1.1322595 1.1128730 1.3566439 1.7461602 0.9822805 0.7986183 0.9730389 0.9766094 0.0000000 0.5640253 0.5874454 0.9212269 1.0594861 0.9736027 0.8899714 1.4467803 1.2048956 1.2005194 0.7936882 1.3406299 1.2111667 1.4252095 1.6032836 1.6617539 1.7318486 1.4323185 1.3340476 1.2060168 1.3725085 1.4577671 1.3348515 1.4316266 1.2097202 1.2829166 1.1752368 1.4334428 1.3294794 1.3980051 1.3521656 1.4783303 2.0642819 1.9592513 1.7487718 1.7455610 1.7107025 1.8619127 1.6848429 1.6112636 1.6519455 1.2365016 1.2374566 1.7387104 1.7771724 1.6931084 2.0805158 2.1890201 2.0684993 2.0709530 2.1384821 2.3385476 2.3330387 2.4514231 2.3514569 2.0485918 2.1853534 2.1389504 2.3586894 3.0723940 2.3119042 
Pyret                                              2.7086823 2.6161280 2.5977360 2.7253577 2.7974215 2.2605244 2.5940327 2.7797456 3.6644013 2.3920917 2.5764661 2.3076149 3.2895327 1.5932417 1.6871175 1.5675567 1.4226504 1.6536708 1.4115573 1.5319002 1.3111168 1.3598843 1.5419565 1.6906454 1.4042550 1.3273827 1.4037460 1.3685674 1.4422345 1.7733420 1.9647308 1.0388031 0.9826247 1.1333967 1.2145760 0.5640253 0.0000000 0.7546543 1.2656216 1.2876637 1.2324619 1.2047084 1.5482368 1.5790539 1.5758556 1.0969559 1.5780125 1.5604219 2.0206078 2.0593144 2.1893867 2.2343090 1.7547853 1.7829116 1.6273431 1.8018239 1.9591720 1.6980431 1.8634441 1.5498715 1.6384584 1.5786428 1.6600263 1.6277309 1.8737405 1.6980158 1.8934170 2.5724614 2.3937206 2.3124759 2.1083232 2.1481804 2.1916368 2.0257498 1.9787348 1.9801901 1.4536594 1.4536594 2.2925482 2.4139350 2.2435225 2.7140162 2.8353163 2.5794880 2.5307475 2.5494546 2.8893080 2.7300769 2.9790248 2.7244744 2.4513516 2.2226606 2.7626442 2.6800499 3.3710999 2.8440768 
Skippy                                             1.8591499 1.8110915 1.9772463 2.0002954 1.8551450 2.2145612 2.2840995 2.2225403 2.8546433 2.2929564 2.4491395 2.2110390 3.0145082 1.3881555 1.3913300 1.3076737 1.2752900 1.3712052 1.1333910 1.1743643 1.1031586 1.1830797 1.2103113 1.5388289 1.2148867 1.2017088 1.1209449 1.1266357 1.1977954 1.2985280 1.7546185 1.1042748 1.0022640 1.0678939 0.9256124 0.5874454 0.7546543 0.0000000 1.1063431 1.0214908 0.9399096 0.9012289 1.3997517 1.2763082 1.2290920 0.9185268 1.2741741 1.3651799 1.5159228 1.7257177 1.8639771 1.8339732 1.4178902 1.4456143 1.3067541 1.4593639 1.4611841 1.2823780 1.5697670 1.4479370 1.5020396 1.4345173 1.5413355 1.4438196 1.4674386 1.5512229 1.5068209 1.9876614 1.9068993 1.8272630 1.9319357 1.9555301 1.8068083 1.5603197 1.5189466 1.7974788 1.1934264 1.2053151 2.0496970 1.8551249 1.7560984 2.2609257 2.5708132 1.9303583 2.2141077 2.2420594 2.4088862 2.3386788 2.3232463 2.5230315 1.9976090 2.1069971 2.3472265 2.1818233 3.0846720 2.5751089 
marY1                                              2.1697760 2.0362313 2.0059336 2.2219328 2.1954765 2.3426559 2.5614569 2.4417391 2.9195481 2.2331563 2.4580117 2.0204376 3.3776652 1.2109652 1.3938923 1.1436991 1.0863014 1.3259767 1.3325328 1.2003537 1.1379788 1.2151006 1.2195238 1.7859438 1.3314272 1.2136915 1.1571353 1.1112973 1.1261642 1.2294849 1.5885724 0.8768089 0.9528033 0.8860552 0.9171517 0.9212269 1.2656216 1.1063431 0.0000000 1.1046098 1.0386456 1.1586880 1.7439642 1.3791212 1.3940316 1.1084116 1.3059877 1.5140259 1.8660597 1.9069579 1.6260174 1.6547620 1.5018672 1.6182305 1.4585157 1.7531598 1.7452513 1.6348965 1.7569198 1.4739222 1.4819132 1.5042746 1.6129418 1.4395730 1.6131174 1.5038878 1.4002356 2.3280217 2.2400045 1.7164493 1.8130788 1.9771709 1.8671361 1.9032629 1.9475132 1.7517955 1.4733012 1.4579515 2.2876600 1.5860300 1.8353690 2.4465778 2.3470075 2.2197163 2.0383709 1.9223822 2.1441569 2.2588793 2.1603259 2.5147887 2.3479553 2.3716933 2.0234005 2.5354214 2.8942898 2.6019783 
