97
Athila4-1                                          0.0000000 0.3727330 0.3624699 0.3693958 0.3657965 1.4569077 1.5569512 1.4602313 2.0045646 1.5384677 1.5713697 1.0823707 2.3027520 1.5570389 1.3951088 1.6856538 1.5232705 1.6638418 1.5437523 1.5769630 1.5409959 1.5591763 1.5119682 2.3154842 1.6699543 1.5618850 1.4674341 1.4786551 1.6447602 1.8461592 2.5058551 1.7845762 1.8512280 1.7656001 1.7306856 1.6991318 2.1560272 1.6856494 1.8920916 2.0837543 1.7726043 1.4133270 2.1853042 1.8049436 1.3967588 1.6249862 1.8617922 1.2252298 1.6225342 1.6407129 1.9324366 1.9027757 1.5774995 1.7972379 1.5879374 1.9736737 2.0563794 2.0215070 2.1628736 1.5534045 1.2827308 1.5110311 1.5657255 1.3170635 1.2913591 1.4643499 1.4801848 1.8234753 1.8045395 1.6804167 1.4563908 1.8527506 1.5989218 1.6005761 1.6243097 1.5418375 1.8882290 1.9082161 2.3740900 1.7348037 1.8472278 1.9633236 2.0994099 1.6524923 2.1245862 2.0324386 2.0832949 2.3986617 1.7591725 2.3335610 2.4954835 2.7645397 1.9750403 2.3306771 2.8290810 2.6633117 3.3520767 
Bagy-2                                             0.3727330 0.0000000 0.4532124 0.5098953 0.5037456 1.4535424 1.6842499 1.5504194 1.8739185 1.6389126 1.6507858 1.3037988 2.1384939 1.5968661 1.5236780 1.6781656 1.5379762 1.6466399 1.6768881 1.6155754 1.6607376 1.7875287 1.4462776 2.0359456 1.4531257 1.4573702 1.4673470 1.7555702 1.7948754 1.9722322 2.5239119 1.8437406 1.7847594 1.7738721 1.4816014 1.5222595 2.0656947 1.6860125 1.8060318 2.0591672 1.8679168 1.3130586 2.1426312 1.8384425 1.4964770 1.6843980 1.8049641 1.3447387 1.7320843 1.6082773 1.9789591 1.8412867 1.5739393 1.7783756 1.4939692 1.8752207 1.9494017 1.9583794 2.0214879 1.4895524 1.3862028 1.5650574 1.7447756 1.3745983 1.3813495 1.4700817 1.5067884 1.9724150 1.8750041 1.9942391 1.5496468 1.8046126 1.6661837 1.7800941 1.8557146 1.8061489 1.8618727 1.8400539 2.6126009 1.7556087 1.8229955 2.0098379 2.2120959 1.8511723 2.0410804 2.2001527 2.1862634 2.5511000 1.8155287 2.3499348 2.5301899 2.6284766 2.0636761 2.6336210 3.2283090 2.5801071 3.9040130 
Cyclops-2                                          0.3624699 0.4532124 0.0000000 0.4261537 0.4648605 1.5633596 1.7694091 1.5841874 1.9086982 1.4330297 1.5646665 1.1473755 2.1771126 1.5209782 1.7139141 1.8453723 1.6400520 1.7027347 1.6223606 1.7383651 1.7344606 1.7169082 1.6730541 2.0954490 1.6403977 1.6434386 1.5484448 1.8075250 1.7706977 1.8108156 2.6423277 1.7616455 1.7640551 1.6161877 1.6698073 1.7487594 2.1825939 2.1399988 1.8818103 2.2243401 1.9934647 1.6274131 2.6878174 1.9863050 1.5373150 1.7632289 1.6555612 1.2132056 1.7129330 1.5276537 1.6826189 1.6856375 1.8017766 1.9235950 1.6217906 1.9875761 2.0874699 2.0392077 2.1011178 1.5300921 1.2866741 1.4018472 1.7192340 1.3716429 1.5605019 1.3961257 1.6212693 2.0700832 1.9766709 1.7233267 1.4705226 1.7617262 1.5574557 1.7504956 1.5707757 1.6833232 2.2209858 2.1947002 2.4874787 1.7016211 1.8898287 1.9362541 2.1585870 2.0052250 2.1354537 2.2096624 2.2805817 2.6259632 1.9513263 2.1878834 2.4824539 2.5393647 2.0944409 2.8236733 2.8139576 2.5950389 3.2421224 
Calypso                                            0.3693958 0.5098953 0.4261537 0.0000000 0.4808347 1.8143054 1.8727301 1.6488305 2.0712190 1.7589390 1.7777177 1.4639092 2.1096105 1.8151074 1.7626086 1.7765643 1.6548168 2.0426768 1.7331834 1.8585905 1.7395368 1.8832456 1.7741071 2.4960054 1.8799639 1.8029086 1.6839296 1.8101406 2.1081559 2.2622740 2.7762519 1.8252010 1.8212721 1.7859376 1.8084933 1.8282205 2.2894864 2.0150888 2.1072995 2.3101903 1.9929392 1.6525273 2.2151325 1.9896083 1.7246498 1.9067771 2.1135862 1.5600693 2.0303424 1.9327370 1.9491264 1.9222019 2.1043611 2.0982193 1.9989605 2.3122100 2.3611571 2.2153252 2.5126487 1.8191288 1.5617242 1.7964773 1.9220740 1.6710453 1.7559627 1.9158297 1.6806446 2.3442755 2.3178044 1.9217820 1.7439948 2.0085801 1.8110254 1.8638564 1.8898790 1.7299330 2.5025555 2.4715630 2.3638052 1.7775637 1.9018817 1.9479674 1.9995325 1.9912742 2.2574724 2.3525701 2.4406325 2.4904140 1.9487143 2.5701407 2.9501731 2.6798129 2.3763346 2.9734551 2.8340149 2.6228712 3.9062957 
Diaspora                                           0.3657965 0.5037456 0.4648605 0.4808347 0.0000000 1.5725440 1.8302438 1.7613648 1.9642338 1.6793835 1.7203315 1.3432871 2.6137855 1.6035810 1.6764368 1.8325784 1.6760237 1.8801777 1.6858023 1.7326637 1.8622921 1.7492067 1.6034020 2.1663349 1.6720804 1.6737088 1.5218009 1.7269193 2.0421606 1.9126222 2.6251753 1.9146867 1.8284026 1.8113576 1.7538647 1.8354328 2.2348100 1.7056098 2.0957407 2.1023072 1.9810680 1.4850440 2.3474556 2.0433563 1.5715036 1.7201446 2.1486772 1.5604439 1.8186337 1.8240522 1.8877349 1.8603025 1.8504386 2.1254855 1.7275366 2.1893539 2.1872421 2.1794708 2.4897019 1.7089027 1.4726634 1.6981449 1.9587481 1.6255752 1.7467712 1.9550661 1.6326118 1.9253834 2.0033947 1.9344820 1.7350297 1.8852538 1.9095920 1.9255916 1.8420253 1.7904510 2.4124130 2.3835232 2.6867279 1.7676199 1.8679360 1.9266789 2.4061738 1.8395059 2.3493625 2.2812585 2.1572972 2.6988296 2.0538777 2.5464808 2.8997185 3.0566529 2.0384569 2.7893785 3.2669015 2.8221153 3.7900928 
RetroSor1                                          1.4569077 1.4535424 1.5633596 1.8143054 1.5725440 0.0000000 0.4320099 0.6178398 1.0886925 0.7835022 0.9524842 1.0032198 1.3546376 1.7832449 1.6896371 1.7182912 1.6682372 1.5005548 1.7918295 1.8317398 1.5738275 1.6113414 1.6356304 2.0172327 1.5801696 1.5536082 1.4695653 1.8802492 1.7762708 1.5561249 2.6784671 1.8003007 1.9131077 1.8848951 1.8900426 1.7320246 1.7737183 1.9953787 2.0379965 2.2139035 1.8353303 1.8032550 2.2437328 1.9274421 1.8050422 1.7835263 2.0981818 1.4353510 1.4361384 1.3052400 1.7487658 1.8509622 1.6725746 1.8759799 1.5011929 1.8341096 1.9060591 1.9251523 1.8128965 1.5182310 1.6154335 1.5527260 1.6102908 1.3255750 1.3575763 1.2393924 1.5393225 1.9557507 1.9018795 2.0337499 1.3802012 1.9546776 1.7977137 1.6071237 1.8683353 2.3215016 2.0097796 2.0304005 2.2735946 2.0477146 1.8975080 2.1468021 1.8653280 1.7048363 1.9243070 2.1421007 2.1894579 2.5009414 1.9460709 1.8036477 1.8412228 2.0251308 2.0483700 2.4990165 2.0369358 2.6144017 3.5273304 
Cinful-1                                           1.5569512 1.6842499 1.7694091 1.8727301 1.8302438 0.4320099 0.0000000 0.5971601 1.0744884 0.6818904 0.7937966 0.9900880 1.2032272 1.6228375 1.6909662 1.6539088 2.0253928 1.8533809 1.7816880 1.9627460 1.6111452 1.7916361 1.6030919 2.3956721 1.8215714 1.7434514 1.4765485 1.8605386 1.7033532 1.8475966 2.7523479 1.9087486 2.1448933 1.8853201 2.0580766 2.0279227 2.3606393 2.2082576 1.9631954 2.3408850 1.8941055 1.8305358 2.2956086 1.9315109 1.6868947 1.8757910 1.8387464 1.6712293 1.6570527 1.5591159 1.9380978 2.0335808 1.5884385 1.9296450 1.6233695 2.0023773 2.0274900 2.0135869 1.8515679 1.7631855 1.8099976 1.7815073 1.7290660 1.4198147 1.5904892 1.4541305 1.5602680 2.1689153 1.9231797 2.2028984 1.8092993 2.1617302 2.1296666 1.6642381 1.9043814 2.4033214 2.4181276 2.4442820 2.0158089 2.0221110 2.2221944 2.5063090 2.3091829 1.9718899 2.2105116 1.9969435 2.1709213 2.4077868 1.9879052 2.2042651 2.3317885 2.2765707 2.0523888 2.4758430 2.2530664 2.5423420 3.5275949 
RIRE2                                              1.4602313 1.5504194 1.5841874 1.6488305 1.7613648 0.6178398 0.5971601 0.0000000 0.6279996 0.6991965 0.7727312 0.9171737 0.9166928 1.8730732 1.7307548 1.7092692 1.7342842 1.8899166 1.9841216 2.0024004 1.6947251 1.8498364 1.7067709 2.4648772 1.8578414 1.7898323 1.5295683 2.0824556 1.7873430 1.6540407 2.9595731 2.0996508 2.1757525 1.9430870 2.1981146 2.0615384 2.4439754 2.3174680 2.0825995 2.4696884 1.9344778 1.7761340 2.1431758 1.7979948 1.7979589 2.1851266 2.1125601 1.9080268 1.7875127 1.7383713 1.9708498 1.9666307 1.8172833 1.9613990 1.8071632 2.0776484 1.9820190 1.9066480 1.8493520 2.0966771 2.1198606 2.2038996 2.1793695 1.6907468 1.9655247 1.6859138 1.6278353 2.1934740 2.0809742 2.4415520 1.8511943 2.2846971 2.2718043 1.7475333 2.1484700 2.1385642 2.5747410 2.5769632 2.5319053 1.9330962 2.3560279 3.0734308 2.4358504 2.0586826 1.6017593 1.8655199 1.8376078 2.6666981 1.7482895 2.2848656 2.2257784 2.0177276 2.3456999 2.4747311 2.4114325 2.7316045 3.5410708 
Grande1-4                                          2.0045646 1.8739185 1.9086982 2.0712190 1.9642338 1.0886925 1.0744884 0.6279996 0.0000000 1.1360053 1.2049014 1.2555761 1.4262359 2.3957704 2.3230994 2.4358322 2.6585796 2.5934645 2.6008074 2.8032494 2.7634350 2.6873627 2.2714059 2.8059630 2.4392960 2.4983373 1.9821981 3.0383299 2.5575083 2.1875032 4.1247587 2.4115947 2.6181800 2.5938960 2.9313179 2.6635005 3.3188385 2.7261414 2.5665760 3.1034920 2.4433379 2.3493779 2.8717167 2.7369423 2.3567048 2.7690144 2.4330264 2.4295727 2.2080482 2.0972888 2.6615317 2.6810113 2.1349802 2.3154283 2.3810990 2.4235052 2.4758004 2.4071916 2.2398047 2.5991541 2.6281777 2.5265963 2.5098275 2.1780369 2.0753834 2.0385587 2.2455741 2.7119229 2.5852488 3.4272440 2.2611318 2.3992055 2.4928076 2.3260336 2.5854314 3.1802547 3.0455509 3.0482942 3.1350642 2.5241342 3.0306946 3.4174190 2.8865861 2.8890828 2.4490332 2.6574811 2.4847560 3.6885318 2.3626541 2.5829231 3.1443379 2.5648890 2.8832056 3.0929142 3.5974062 3.8218517 3.4919339 
Tat4-1                                             1.5384677 1.6389126 1.4330297 1.7589390 1.6793835 0.7835022 0.6818904 0.6991965 1.1360053 0.0000000 0.2668385 0.8261956 1.6233878 1.6810349 1.7609267 1.7918541 1.9348011 1.9908104 1.9572947 1.9582839 1.6532137 1.7545624 1.7181617 2.5568065 2.0156972 2.1043139 1.4868799 2.1437377 1.7629208 1.9153384 2.8550829 1.8617656 2.1782680 1.9172182 2.0184933 2.1072115 2.3321779 2.4816032 1.9438001 2.4888416 1.8804620 2.0235726 2.4873051 2.3286411 1.9008790 2.1023059 2.0877723 1.7926546 1.8669844 1.8840151 1.7204406 1.7039267 1.8532951 1.9674875 1.7940654 2.0247071 2.0906683 2.0273551 2.1396939 2.0784699 1.9088408 1.9692245 2.3446278 1.8384857 1.9175740 1.7838823 1.5521768 2.5705595 2.5250371 2.1692278 1.8841201 2.0605938 2.3847687 1.9180250 1.8582606 2.1927354 2.2738557 2.2650395 2.3348820 2.0328139 2.1685471 2.6996535 2.2411536 2.0245320 1.7693178 1.7197431 1.9894461 2.4172158 1.9148874 2.2371139 2.2151051 2.1658301 2.2058090 2.4210156 2.5554237 2.5248756 2.8094933 
Tft2                                               1.5713697 1.6507858 1.5646665 1.7777177 1.7203315 0.9524842 0.7937966 0.7727312 1.2049014 0.2668385 0.0000000 0.9352960 1.5863938 1.7227539 1.7486177 1.7692547 1.9245666 1.9996535 1.9862709 1.9906945 1.9388847 1.8970360 1.7291857 2.3516093 2.0044694 2.0141211 1.4899110 2.1796467 1.9626175 2.2421930 2.7176168 2.1918560 2.3568565 1.9902111 2.3308423 1.9994843 2.2121488 2.5780734 2.2423543 2.3069447 1.9262722 2.0302789 2.4625377 2.3814404 1.8193129 2.2978475 2.1082564 1.7817441 1.9346887 1.9228909 1.8994416 1.9141984 1.6814203 1.9394151 1.7636268 1.9740221 2.0398584 1.9953614 2.0071807 2.1390247 1.8459424 2.0305703 2.2226790 1.7737637 1.8582732 1.7646887 1.6842219 2.6700453 2.4914402 2.3265344 1.8312696 2.1288563 2.3094313 2.2274626 1.9626097 2.1703309 2.8175015 2.8062948 2.3541666 1.9442811 2.2125246 3.0153978 2.2628907 2.3806370 1.9725224 2.0613686 2.2165440 2.4500308 2.1444010 2.6263246 2.7547817 2.3178148 2.1453705 2.7032856 2.5639944 2.4615856 3.0518600 
Ogre                                               1.0823707 1.3037988 1.1473755 1.4639092 1.3432871 1.0032198 0.9900880 0.9171737 1.2555761 0.8261956 0.9352960 0.0000000 1.7778076 1.6449649 1.7812426 1.6694494 1.9086634 1.7653760 1.8380276 1.8931484 1.7023897 1.6455722 1.6865213 2.0030090 1.5461614 1.6098122 1.3284299 1.8829686 1.7164937 1.6558467 2.6355819 1.8101492 1.9273457 1.8005934 2.1582648 1.7108688 1.9686585 2.2954915 1.7304586 2.4971049 2.0382483 1.7915329 2.7155357 2.2143012 1.5379470 1.8723575 1.7409833 1.3602241 1.6439475 1.3780556 1.6939973 1.7075788 1.5905334 1.9269996 1.7528300 2.0194566 2.1196185 1.9705630 2.1481479 1.6510535 1.5744178 1.5498083 1.5597668 1.3011557 1.5235501 1.4435979 1.6298051 2.0356706 2.0061113 2.2948008 1.5636567 1.7165517 1.8553364 1.7392533 1.8459737 2.3563675 2.2646025 2.2559166 2.2923902 1.9849159 1.8313983 2.3231370 1.9003371 1.9266473 2.1602195 1.9430634 1.7654890 2.5859177 2.1158287 1.9726694 2.1157179 2.2001961 1.9056805 2.4459090 2.3303991 2.7645213 2.4356429 
B1147A04.5                                         2.3027520 2.1384939 2.1771126 2.1096105 2.6137855 1.3546376 1.2032272 0.9166928 1.4262359 1.6233878 1.5863938 1.7778076 0.0000000 2.5951766 2.3827866 2.4605142 2.4863868 2.5629773 2.7472859 2.7780743 2.5360861 2.8494753 2.1885192 2.5901105 2.1469493 2.3437558 2.2656922 2.8822208 2.6747352 2.3562246 3.5543806 2.8147640 2.6515236 2.8463178 3.2483030 2.2542634 2.9014377 2.9404890 2.9718704 3.0868859 2.1193945 2.5047655 2.8153925 2.0644718 2.3360654 2.3037209 2.2395999 2.3780490 2.4786204 2.3121232 2.9656054 2.8473890 1.9523699 1.9065955 2.0934120 2.2965820 2.1907588 2.0763097 1.9001048 2.2190351 1.9824399 2.0871265 2.3117516 2.0766980 2.2676203 2.0010854 2.6590819 3.2481205 3.1391205 2.7540987 2.2074404 2.2216129 2.5598434 1.9781585 2.5821774 3.2399243 2.8256081 2.8283901 2.4268259 3.3628086 3.4295941 3.8130380 3.1707123 3.1968220 3.2709759 3.2375666 3.1982435 3.4273200 3.3421695 2.9115776 2.7199207 2.9939620 2.8812020 3.3781766 3.8088214 3.3203614 4.1740709 
Gloin                                              1.5570389 1.5968661 1.5209782 1.8151074 1.6035810 1.7832449 1.6228375 1.8730732 2.3957704 1.6810349 1.7227539 1.6449649 2.5951766 0.0000000 0.5943062 0.5639825 0.7118319 1.0369198 0.8328143 0.7535971 0.7097512 0.7328784 0.7655588 1.2446298 0.9695708 0.8196811 0.8191614 0.8258397 0.8632728 1.0786274 1.2934499 1.2096124 1.1536200 1.2186279 1.3135666 1.1331490 1.2865232 1.2562340 1.0813229 1.5465196 1.2266313 1.2219407 1.9982190 1.5072929 1.0514579 1.1624661 0.9998755 0.9092597 1.4994996 1.3746751 1.2686937 1.2174960 1.2509653 1.2767367 1.0850744 1.4748959 1.5063979 1.3932026 1.6133109 1.2524854 1.1761672 1.2079536 1.4774681 1.1552456 1.3096389 1.2252970 1.2574127 1.8373988 1.7355742 1.2610461 1.2693801 1.3395890 1.3134907 1.2990646 1.0701575 1.4109143 1.6803500 1.6817925 1.6444178 1.2598429 1.4833024 1.5146065 1.9453950 1.6642951 1.8877943 1.5825115 2.2263310 1.7120178 2.4908683 2.1771156 1.8692134 1.8166636 1.4087077 2.2646164 2.4377827 1.9967699 4.1994702 
Ifg7                                               1.3951088 1.5236780 1.7139141 1.7626086 1.6764368 1.6896371 1.6909662 1.7307548 2.3230994 1.7609267 1.7486177 1.7812426 2.3827866 0.5943062 0.0000000 0.5312259 0.8592903 0.8943727 0.8284843 0.9036295 0.8101338 0.9403617 0.8398502 1.1522662 0.8559098 0.8738644 0.9816924 1.0409800 0.9852608 1.1277503 1.4838987 1.2191093 1.3422472 1.4928958 1.5827288 1.1590223 1.4390038 1.2566205 1.3997244 1.3093472 1.1342883 1.3769234 1.9783093 1.3374020 1.1783357 1.4077341 0.9925729 1.1180037 1.5877857 1.5958419 1.7424183 1.6764244 1.3526620 1.2558082 1.3651762 1.5255512 1.5512243 1.5203875 1.5905112 1.3132916 1.1527323 1.3432859 1.3752944 1.2700827 1.1974284 1.1681702 1.3488596 2.0295115 2.0030554 1.5238766 1.5644522 1.7079390 1.6117429 1.2294843 1.4123547 1.6380191 1.8334167 1.8349600 1.8325075 1.4696159 1.6582009 1.6736155 2.0060218 1.6957051 2.1267589 2.0511188 2.1557632 2.0849389 2.5907814 1.8033150 2.4464428 2.1636536 1.7337244 2.1790875 2.9298353 2.3679622 3.7119528 
Gimli                                              1.6856538 1.6781656 1.8453723 1.7765643 1.8325784 1.7182912 1.6539088 1.7092692 2.4358322 1.7918541 1.7692547 1.6694494 2.4605142 0.5639825 0.5312259 0.0000000 0.7388395 0.9891182 0.8428541 0.8600419 0.7133005 0.7544274 0.7844534 1.2828892 0.8574958 0.7787253 0.8493571 0.8396102 0.8900548 1.0515379 1.2297158 1.0432989 1.2117214 1.2514909 1.0958588 1.0559155 1.3036318 1.2606523 0.9854704 1.3308323 1.0856315 1.2785453 1.6780493 1.2850273 1.2362712 1.2363544 0.8761432 1.1308236 1.4565164 1.5328224 1.3507229 1.4409316 1.3467326 1.4524503 1.4683567 1.4469808 1.5581760 1.5367569 1.6296574 1.3852660 1.3069805 1.4240910 1.4828946 1.2441005 1.2549867 1.2761542 1.1967736 2.0042048 1.8980434 1.3312525 1.3378344 1.7278043 1.4095042 1.3866444 1.4311215 1.5436832 1.6509009 1.6522743 1.6363007 1.3813024 1.3500737 1.5788303 1.8445937 1.6457191 2.0122803 1.6447057 2.0860015 1.6543951 2.5297702 1.8878734 2.0737848 1.8869874 1.4636627 2.0447159 2.9449940 2.2944022 3.8737761 
Reina                                              1.5232705 1.5379762 1.6400520 1.6548168 1.6760237 1.6682372 2.0253928 1.7342842 2.6585796 1.9348011 1.9245666 1.9086634 2.4863868 0.7118319 0.8592903 0.7388395 0.0000000 0.8674458 0.8476587 0.7767799 0.7954057 0.8483137 0.7410300 1.1823816 0.8937871 0.8054117 0.8871408 0.8945419 0.9038093 1.0203553 1.3531447 1.2038110 1.1834114 1.1607081 1.0228603 1.1117644 1.3333732 1.3371666 1.1141729 1.3525122 1.1558229 1.1028462 1.9089346 1.3684132 1.2661435 1.2330391 1.1572719 1.1226652 1.4842102 1.4447319 1.3965593 1.2915891 1.3333299 1.3367026 1.3500405 1.2963995 1.3346297 1.2887003 1.4961943 1.2756671 1.2287064 1.3877625 1.3749621 1.1244694 1.4250555 1.2814179 1.0989297 1.8815216 1.8996656 1.3145139 1.4842987 1.6577552 1.4216855 1.2862081 1.2605249 1.4580126 1.5367500 1.5522049 1.5111641 1.3694494 1.5372497 1.7099937 2.0110433 1.7380102 1.6855525 1.6777037 2.1712921 1.6921788 2.2354546 1.7985475 2.2108493 1.8405230 1.5851035 2.1742593 2.1260525 2.1824893 4.4271062 
Del                                                1.6638418 1.6466399 1.7027347 2.0426768 1.8801777 1.5005548 1.8533809 1.8899166 2.5934645 1.9908104 1.9996535 1.7653760 2.5629773 1.0369198 0.8943727 0.9891182 0.8674458 0.0000000 0.5426797 0.4965057 0.5973227 0.6283619 0.6548498 0.9814669 0.6854418 0.7242754 1.0061844 0.7673404 0.7090673 1.0124647 1.2538515 1.2570120 1.1809314 1.2074809 1.4885787 1.0069321 1.1994293 1.1633255 1.4216689 1.4123731 1.2012430 1.2827664 2.0205087 1.5182729 1.2621192 1.1180261 0.9154869 1.3136937 1.5944807 1.4544312 1.5133008 1.5396180 1.3317291 1.4412110 1.5371062 1.6348805 1.7258137 1.6115540 1.7122774 1.3431989 1.3277542 1.4378596 1.4631494 1.3494821 1.3834481 1.2497220 1.5264276 1.9924686 1.9533100 1.5603494 1.6884591 1.7106228 1.6195254 1.5522740 1.7231399 1.9814431 1.5645998 1.5805725 1.9699332 1.6958969 1.6298815 1.8884692 2.1799028 1.6984538 2.3085010 2.3006058 2.3862592 2.3970082 2.3619568 2.0165474 2.1120912 1.9488651 1.8319346 2.5400584 2.7153083 2.0856567 3.8713112 
Peabody                                            1.5437523 1.6768881 1.6223606 1.7331834 1.6858023 1.7918295 1.7816880 1.9841216 2.6008074 1.9572947 1.9862709 1.8380276 2.7472859 0.8328143 0.8284843 0.8428541 0.8476587 0.5426797 0.0000000 0.4262510 0.5306356 0.4763937 0.5335921 1.0747904 0.8129228 0.6805063 0.9690948 0.6712537 0.6624685 1.0871333 1.0570597 1.1901233 1.1427565 1.0217017 1.2541659 1.0933907 1.1864051 1.1214016 1.2939225 1.3380434 1.1523001 1.0751560 1.7219325 1.4901068 1.1034756 1.1292611 0.8898741 1.1361648 1.3796040 1.3584506 1.4775241 1.5193770 1.4963425 1.5050948 1.6610513 1.6837878 1.8034334 1.6024690 1.7472301 1.5204483 1.3751980 1.4278003 1.3938407 1.3667842 1.2726562 1.2436580 1.1604597 2.1528574 2.2972783 1.4592630 1.7352072 1.8345236 1.6726777 1.4573446 1.2762736 1.5373139 1.6504800 1.6318657 1.7858502 1.5722344 1.3774270 1.7154430 1.8206018 1.5869402 2.0341505 2.0957235 2.1496837 1.7814844 2.1155903 2.1196063 1.6649539 1.6296822 1.7904253 1.8740086 3.0107305 2.1991564 3.4356300 
Retrosat-2                                         1.5769630 1.6155754 1.7383651 1.8585905 1.7326637 1.8317398 1.9627460 2.0024004 2.8032494 1.9582839 1.9906945 1.8931484 2.7780743 0.7535971 0.9036295 0.8600419 0.7767799 0.4965057 0.4262510 0.0000000 0.5181854 0.4746332 0.4829670 1.0586801 0.7557611 0.6561343 0.8392431 0.6856191 0.6749579 1.1471071 1.1376907 1.1914077 1.1658962 0.9256938 1.2329809 1.1179125 1.2991191 1.1163607 1.3267741 1.4624992 1.2558492 1.2127048 1.9835034 1.5872818 1.0599432 1.0032951 0.8644930 1.1888418 1.7103992 1.5602769 1.4438674 1.4046676 1.3808254 1.5070913 1.5325152 1.6379143 1.7057143 1.5457707 1.7304213 1.5285069 1.4362844 1.5404806 1.4536853 1.4258148 1.5328869 1.4022393 1.2972654 2.2203678 2.1653832 1.4917620 1.8215280 1.7569543 1.6798803 1.4797470 1.5232103 1.7363839 1.5397369 1.5222683 1.8640770 1.4314079 1.3638629 1.7411472 2.2210842 1.6350402 2.2068700 1.8866150 2.1191793 1.9728024 2.4580461 2.1703774 1.9114105 1.8928002 1.9311840 2.2602261 2.6734075 2.2267365 4.4152960 
Tma                                                1.5409959 1.6607376 1.7344606 1.7395368 1.8622921 1.5738275 1.6111452 1.6947251 2.7634350 1.6532137 1.9388847 1.7023897 2.5360861 0.7097512 0.8101338 0.7133005 0.7954057 0.5973227 0.5306356 0.5181854 0.0000000 0.2586854 0.5458688 1.1140296 0.8730382 0.7576909 0.8403429 0.6839540 0.7256416 1.0864014 1.0767381 1.0163516 1.2221336 1.1145855 0.9763375 0.9839986 1.1220832 1.0703991 1.1246267 1.2739007 0.9275625 1.0830816 1.6109737 1.2501890 1.1188758 1.1241316 0.8915770 1.2718741 1.4630917 1.5091960 1.5479555 1.5442098 1.3867518 1.3302707 1.3687033 1.6052103 1.6632400 1.5391189 1.6849101 1.2606137 1.2778535 1.2773111 1.2622849 1.1641937 1.2711491 1.1168561 1.3203856 1.8861304 1.8807650 1.3229552 1.6395969 1.8665019 1.6398891 1.2275134 1.1979006 1.4510075 1.5259054 1.5415867 1.6101536 1.6121609 1.4819954 1.7143714 2.1416927 1.6385186 2.0693981 1.7333490 2.1713626 1.7757318 2.3835834 1.9897015 1.7871510 1.9533001 1.5013708 1.9592455 2.4082426 2.3896463 3.9235191 
Legolas                                            1.5591763 1.7875287 1.7169082 1.8832456 1.7492067 1.6113414 1.7916361 1.8498364 2.6873627 1.7545624 1.8970360 1.6455722 2.8494753 0.7328784 0.9403617 0.7544274 0.8483137 0.6283619 0.4763937 0.4746332 0.2586854 0.0000000 0.6246979 1.0930725 0.8557843 0.7791733 0.9281809 0.6715638 0.7260392 1.1236887 1.1116588 1.1294631 1.3593282 1.1918832 1.1522357 1.0200558 1.1676138 1.0921214 1.1645851 1.4972068 1.1526047 1.1898186 1.8204249 1.5667214 1.1212184 1.1422209 0.8868455 1.2472976 1.3811280 1.4460940 1.4099501 1.4416323 1.3804188 1.4093715 1.5390436 1.6317210 1.7466208 1.5253132 1.8650327 1.3600587 1.3332496 1.2536400 1.2660756 1.2608520 1.1641484 1.1826964 1.3887053 1.7873611 1.8140121 1.4185520 1.5362918 1.8092826 1.5757788 1.3412910 1.1301311 1.5660776 1.7278059 1.7449405 1.5909837 1.5351870 1.3961076 1.7227596 1.9774685 1.5805635 2.0354076 1.8637064 2.2382528 1.9432784 2.2554863 2.1323127 1.7159480 1.7598459 1.4724394 1.9492058 2.3826427 2.3286961 3.6221002 
Bagy-1                                             1.5119682 1.4462776 1.6730541 1.7741071 1.6034020 1.6356304 1.6030919 1.7067709 2.2714059 1.7181617 1.7291857 1.6865213 2.1885192 0.7655588 0.8398502 0.7844534 0.7410300 0.6548498 0.5335921 0.4829670 0.5458688 0.6246979 0.0000000 0.9890220 0.7823736 0.6662237 0.7616546 0.6082940 0.5801529 1.1447718 0.9469044 1.1931988 1.1604186 1.0501200 1.0886989 1.0769567 1.2174900 1.0090866 1.0997750 1.2313715 1.0219910 1.0105266 1.5306489 1.5267464 1.0298200 1.0087427 0.8427141 1.0714300 1.6759220 1.4955264 1.5569769 1.5299105 1.2393594 1.3286284 1.3274432 1.5570792 1.5169603 1.3305982 1.6219055 1.3539870 1.2605767 1.3635106 1.3827423 1.3084330 1.2314081 1.2540588 1.1383293 1.8721143 1.8980167 1.5174931 1.5264484 1.5634542 1.6299217 1.1792874 1.3171367 1.5681314 1.4571409 1.4399289 1.6151873 1.5868940 1.5668755 1.8717007 2.3856412 1.5317874 2.1824106 2.0365634 2.1805351 1.9054563 2.3861890 2.2167096 1.9002087 1.6450940 1.4726550 2.1917350 2.8310244 2.0711377 4.2377195 
Cereba                                             2.3154842 2.0359456 2.0954490 2.4960054 2.1663349 2.0172327 2.3956721 2.4648772 2.8059630 2.5568065 2.3516093 2.0030090 2.5901105 1.2446298 1.1522662 1.2828892 1.1823816 0.9814669 1.0747904 1.0586801 1.1140296 1.0930725 0.9890220 0.0000000 0.2543533 0.5290248 1.2744020 1.3934209 1.2624699 1.2720245 1.6089085 1.4876905 1.3682020 1.5332739 1.6880412 1.2354942 1.3724879 1.3886325 1.9809716 1.9756229 1.6934885 1.5633115 2.5423335 1.9933109 1.5548478 1.3454611 1.4930394 1.2474531 1.8555842 1.9106162 2.2927262 2.1747736 1.4531466 1.5604483 1.6705594 1.8168218 1.8619130 1.6484925 2.0723754 1.3364561 1.2937774 1.4359909 1.5049859 1.3922766 1.6158137 1.5602775 1.8809126 2.4941762 2.4197548 2.3408798 2.0756893 1.9312391 1.9971179 1.8145101 1.9124917 2.2018251 2.0901186 2.0655365 2.2994027 2.1650453 2.0889915 2.7254966 2.9836928 2.5376987 2.8125848 2.6930740 2.9922821 2.9870977 3.2028452 2.3634244 2.4346510 2.5552301 2.2854233 2.5184216 3.5905258 2.8619410 3.3594177 
CRM                                                1.6699543 1.4531257 1.6403977 1.8799639 1.6720804 1.5801696 1.8215714 1.8578414 2.4392960 2.0156972 2.0044694 1.5461614 2.1469493 0.9695708 0.8559098 0.8574958 0.8937871 0.6854418 0.8129228 0.7557611 0.8730382 0.8557843 0.7823736 0.2543533 0.0000000 0.2571167 0.8910051 1.0836757 0.9387558 0.9404083 1.2712018 1.1013989 1.1180550 1.1779915 1.2361380 0.9623340 1.1006285 1.2087412 1.5018236 1.4683807 1.2600492 1.1512400 1.9350757 1.4233206 1.2242926 1.0840075 1.1449565 0.9507760 1.3085893 1.4754686 1.8162231 1.7079339 1.2515381 1.3810611 1.4575798 1.6009053 1.6505637 1.4845863 1.6983785 1.1701740 1.1853150 1.2609445 1.2830764 1.1426371 1.3976037 1.3006085 1.4279973 2.1937761 2.1690702 1.6736408 1.7046430 1.6184350 1.5276734 1.4665374 1.4336581 1.8139886 1.5503722 1.5329839 1.6411969 1.8156026 1.5717704 1.9883072 2.2166801 1.7409406 2.0789622 1.9746303 2.1488391 2.1129046 2.4387255 2.0562666 2.0824015 2.1339245 1.8424477 2.4004097 3.0343211 2.2245465 3.3334138 
Beetle1                                            1.5618850 1.4573702 1.6434386 1.8029086 1.6737088 1.5536082 1.7434514 1.7898323 2.4983373 2.1043139 2.0141211 1.6098122 2.3437558 0.8196811 0.8738644 0.7787253 0.8054117 0.7242754 0.6805063 0.6561343 0.7576909 0.7791733 0.6662237 0.5290248 0.2571167 0.0000000 0.8326751 0.8897016 0.9017712 0.9294587 1.1359752 1.1263486 1.0257978 1.0177022 1.1930200 0.8938501 1.0171668 1.1431344 1.2406597 1.3782469 1.2300838 1.0778391 1.7566920 1.4628579 1.2003073 0.9202670 1.0470894 0.9738926 1.4479140 1.4248869 1.6549655 1.6352458 1.2120028 1.3883019 1.3477412 1.5295403 1.5306270 1.3478610 1.4737465 1.2727283 1.2639973 1.3639602 1.2229460 1.1460039 1.3712490 1.3643326 1.1841272 1.9541958 1.9245719 1.8151755 1.5603725 1.5450178 1.6616053 1.4035441 1.3851755 1.5982813 1.4903810 1.4735251 1.6749017 1.5692139 1.3099002 1.8759858 2.0183706 1.6771255 1.9873453 1.8438424 2.1464283 1.7736191 2.2707224 2.1250942 1.9424997 1.9088622 1.6452648 2.3079947 2.8292981 2.2110985 3.6193383 
Tse3                                               1.4674341 1.4673470 1.5484448 1.6839296 1.5218009 1.4695653 1.4765485 1.5295683 1.9821981 1.4868799 1.4899110 1.3284299 2.2656922 0.8191614 0.9816924 0.8493571 0.8871408 1.0061844 0.9690948 0.8392431 0.8403429 0.9281809 0.7616546 1.2744020 0.8910051 0.8326751 0.0000000 1.0285178 0.8876799 1.0336044 1.4817766 0.9303169 1.0145636 1.0142904 1.2349730 1.0724653 1.0098354 1.1849657 0.9807918 1.2765685 0.9961275 1.0611190 1.6400469 1.4812401 1.0436540 1.1250933 0.9643300 1.1006160 1.3875625 1.3728026 1.4764389 1.3891324 1.0283850 1.0858301 1.2850098 1.4546798 1.5287495 1.5126318 1.5928809 1.2951380 1.2497267 1.1788309 1.2185626 1.0398574 1.2410159 1.1284892 1.1014336 1.7587151 1.6627529 1.4853850 1.5170204 1.5933452 1.5594941 1.3738841 1.1784531 1.4118455 1.4147060 1.3985002 1.6139247 1.3015028 1.2551770 1.6153337 1.8307901 1.4434282 2.0265244 1.8445046 1.9471075 1.8813703 2.0932698 1.6867512 1.8973617 1.7837605 1.4096339 2.0586376 2.5508535 1.9818175 3.2138557 
Monkey                                             1.4786551 1.7555702 1.8075250 1.8101406 1.7269193 1.8802492 1.8605386 2.0824556 3.0383299 2.1437377 2.1796467 1.8829686 2.8822208 0.8258397 1.0409800 0.8396102 0.8945419 0.7673404 0.6712537 0.6856191 0.6839540 0.6715638 0.6082940 1.3934209 1.0836757 0.8897016 1.0285178 0.0000000 0.4172186 1.1658666 0.6700106 1.0851867 1.1609039 1.0966981 1.2296902 1.0685086 1.1537153 1.0558866 1.0909348 1.4777293 1.2811165 1.1823240 1.8776359 1.5909266 1.2159945 1.1366959 0.8984774 1.3121894 1.5983840 1.5764831 1.6557402 1.6766526 1.4723513 1.6934117 1.5126634 1.6136259 1.7143847 1.5308479 1.7567496 1.6542010 1.5631207 1.6670001 1.5736939 1.5254331 1.4803208 1.6018375 1.3056975 1.9491923 1.8962974 1.6449591 1.7791452 2.0429676 1.7022435 1.3953556 1.3870105 1.4943557 1.7849805 1.7648656 1.7397529 1.4879868 1.5938505 1.8044566 2.2849232 1.7311833 1.9201669 1.7158997 2.2159197 1.8104128 2.3575241 2.2078172 1.8687980 2.0181317 1.6515477 2.2087015 2.4752199 2.5816166 4.2295820 
Galadriel                                          1.6447602 1.7948754 1.7706977 2.1081559 2.0421606 1.7762708 1.7033532 1.7873430 2.5575083 1.7629208 1.9626175 1.7164937 2.6747352 0.8632728 0.9852608 0.8900548 0.9038093 0.7090673 0.6624685 0.6749579 0.7256416 0.7260392 0.5801529 1.2624699 0.9387558 0.9017712 0.8876799 0.4172186 0.0000000 1.0165446 0.8172727 1.2056712 1.1839052 1.2118115 1.3245897 1.1174629 1.2462625 1.0854951 1.1383053 1.3175201 1.0348968 1.2218083 1.7554513 1.4449927 1.1067830 1.0667784 0.8520015 1.1775322 1.4781024 1.4128690 1.6009747 1.5162803 1.4779544 1.5120241 1.4069384 1.4450950 1.6207069 1.5133799 1.6848521 1.4822256 1.4484463 1.5343706 1.6223145 1.4134375 1.5608514 1.4402381 1.2059040 2.1491964 2.1817651 1.5208877 1.7574254 1.9669575 1.5909533 1.1412442 1.3514973 1.6926647 1.6573431 1.6387076 1.4143873 1.4131752 1.5683580 1.9074538 1.9897665 1.8254966 1.9779025 1.6733495 2.1124420 1.6974941 2.0652608 2.1613067 2.0896480 1.9594811 1.5251909 2.1666755 2.8486957 2.1999317 3.8506807 
G-Rhodo                                            1.8461592 1.9722322 1.8108156 2.2622740 1.9126222 1.5561249 1.8475966 1.6540407 2.1875032 1.9153384 2.2421930 1.6558467 2.3562246 1.0786274 1.1277503 1.0515379 1.0203553 1.0124647 1.0871333 1.1471071 1.0864014 1.1236887 1.1447718 1.2720245 0.9404083 0.9294587 1.0336044 1.1658666 1.0165446 0.0000000 1.6417872 1.3344982 1.3793085 1.7447830 1.4909400 1.2765813 1.5046299 1.3183127 1.2870871 1.4980077 1.2220770 1.4358934 2.3552800 1.4777759 1.3903358 1.2642982 1.1316839 1.3009226 0.9928775 1.1301683 1.5621850 1.5635640 1.3171727 1.5456212 1.3770292 1.5135080 1.5971095 1.4803039 1.7058576 1.4862988 1.3498391 1.4694804 1.6192810 1.2713417 1.4630142 1.3241475 1.2666579 1.8910327 1.7935830 1.6343808 1.6296603 1.7897077 1.3909960 1.4647310 1.2185031 1.7316846 1.7734736 1.7907926 1.8489680 1.5310934 1.4990413 1.8468607 2.2451688 1.9219336 2.2261563 1.9951606 2.3184659 2.1282570 2.2114048 1.9486463 2.3204773 2.2853877 1.7320930 2.6452372 3.1709063 2.4939514 3.1779576 
Tntom1                                             2.5058551 2.5239119 2.6423277 2.7762519 2.6251753 2.6784671 2.7523479 2.9595731 4.1247587 2.8550829 2.7176168 2.6355819 3.5543806 1.2934499 1.4838987 1.2297158 1.3531447 1.2538515 1.0570597 1.1376907 1.0767381 1.1116588 0.9469044 1.6089085 1.2712018 1.1359752 1.4817766 0.6700106 0.8172727 1.6417872 0.0000000 1.4797356 1.5225388 1.6370507 1.9440718 1.7248695 1.6077318 1.6536873 1.7068485 1.7776730 1.8009494 1.8607893 2.3471368 2.3390890 2.0588989 1.6563330 1.5332272 1.9173171 2.4152379 2.2523996 2.3511721 2.2179409 2.2316734 2.2887137 2.2095282 2.4161851 2.5329910 2.4543969 2.5937636 2.1623336 2.1423969 2.2342460 2.0094793 1.9795790 2.3104481 2.2584108 1.8603574 2.6233014 2.7906365 2.3751864 2.5323437 2.5271444 2.1824182 2.1343174 1.9053196 1.9575070 2.5264727 2.4963610 2.2152452 2.1758115 2.2615674 2.5888540 3.2046530 2.6194651 3.1655294 2.5086800 3.1213774 2.3207334 3.1207318 3.1763368 2.7102667 2.6859781 2.3676360 3.3262253 3.3677379 3.2578886 4.1652503 
Sushi-ichi                                         1.7845762 1.8437406 1.7616455 1.8252010 1.9146867 1.8003007 1.9087486 2.0996508 2.4115947 1.8617656 2.1918560 1.8101492 2.8147640 1.2096124 1.2191093 1.0432989 1.2038110 1.2570120 1.1901233 1.1914077 1.0163516 1.1294631 1.1931988 1.4876905 1.1013989 1.1263486 0.9303169 1.0851867 1.2056712 1.3344982 1.4797356 0.0000000 0.5752549 0.7974519 1.0124740 0.9868486 0.9423986 1.1995726 0.8411634 1.3189617 1.1963373 1.2516128 2.0227638 1.2264827 1.2177698 1.2563178 1.2979316 1.5446979 1.2785791 1.5251958 1.8154375 1.7819339 1.3600615 1.4761584 1.3398230 1.4761892 1.4733192 1.4392688 1.5200395 1.3683128 1.3673504 1.4413529 1.5592484 1.3946539 1.4086258 1.3296260 1.2041420 2.5400120 2.4528151 1.8197612 1.5317643 1.7722362 1.4696578 1.4637236 1.1964048 1.6316886 1.3392274 1.3530475 2.0535212 1.3601684 1.5166595 1.8795917 1.7906304 1.4742484 2.0435339 1.7129254 1.8413026 1.8129601 2.3384177 1.6825894 1.9513164 1.9006887 2.0266659 2.1980589 2.6096153 2.6955042 3.3303899 
Amn-ni                                             1.8512280 1.7847594 1.7640551 1.8212721 1.8284026 1.9131077 2.1448933 2.1757525 2.6181800 2.1782680 2.3568565 1.9273457 2.6515236 1.1536200 1.3422472 1.2117214 1.1834114 1.1809314 1.1427565 1.1658962 1.2221336 1.3593282 1.1604186 1.3682020 1.1180550 1.0257978 1.0145636 1.1609039 1.1839052 1.3793085 1.5225388 0.5752549 0.0000000 0.6470700 1.0719231 0.7403891 0.8194590 0.9937023 1.0221289 1.3350944 1.2371895 1.0400339 1.8191802 1.1604500 1.0769851 0.9447742 1.3485435 1.1120809 1.7248195 1.7001572 1.7334175 1.7246371 1.4087970 1.4031192 1.2964447 1.3462396 1.4010110 1.4065677 1.4830587 1.4170622 1.3868600 1.4246435 1.5665466 1.4936056 1.6489706 1.6458954 1.2625518 2.3707507 2.2820227 1.7448246 1.3315092 1.6227814 1.3488517 1.5631679 1.2883735 1.6179563 1.4935865 1.4772013 2.1906749 1.5085441 1.6936554 2.0570664 2.2791269 1.9976864 2.3967328 2.2384594 2.3060557 1.8453051 2.3552822 2.0532319 2.1914077 1.9234429 2.0299658 2.2054651 2.8562469 2.4511470 3.7317217 
Amn-san                                            1.7656001 1.7738721 1.6161877 1.7859376 1.8113576 1.8848951 1.8853201 1.9430870 2.5938960 1.9172182 1.9902111 1.8005934 2.8463178 1.2186279 1.4928958 1.2514909 1.1607081 1.2074809 1.0217017 0.9256938 1.1145855 1.1918832 1.0501200 1.5332739 1.1779915 1.0177022 1.0142904 1.0966981 1.2118115 1.7447830 1.6370507 0.7974519 0.6470700 0.0000000 0.7047125 1.0219164 0.9709381 1.0912622 0.9532033 1.3457953 1.2704381 1.0577475 1.7503585 1.3042808 1.1891008 1.0079877 1.2368684 1.2914691 1.9665759 1.7460507 1.8976925 1.7886118 1.4381873 1.5882664 1.4775073 1.6231298 1.6825072 1.5156213 1.6126332 1.4804218 1.5698351 1.6205368 1.5205798 1.4708214 1.6929730 1.6289413 1.3247375 2.1363023 2.1476025 1.6626739 1.5676549 1.6920418 1.6320709 1.7854833 1.5556714 1.7287917 1.6181579 1.6003700 2.3750206 1.5360079 1.6280948 2.0999489 2.3387220 1.7285389 2.1822302 2.0148019 2.0246113 1.9617047 2.1088106 1.7592995 2.2237533 2.0442346 1.8430580 2.0347257 2.8424899 2.1039639 4.0620939 
Amn-ichi                                           1.7306856 1.4816014 1.6698073 1.8084933 1.7538647 1.8900426 2.0580766 2.1981146 2.9313179 2.0184933 2.3308423 2.1582648 3.2483030 1.3135666 1.5827288 1.0958588 1.0228603 1.4885787 1.2541659 1.2329809 0.9763375 1.1522357 1.0886989 1.6880412 1.2361380 1.1930200 1.2349730 1.2296902 1.3245897 1.4909400 1.9440718 1.0124740 1.0719231 0.7047125 0.0000000 1.0081220 1.0209699 0.9779934 0.8611703 1.1752863 1.0385546 0.9820020 1.7314087 1.2097173 1.2179914 1.1052013 1.2953520 1.3859882 1.5940127 1.4209060 2.0714063 2.0526486 1.6310051 1.7258266 1.6925210 1.6998985 1.8426651 1.6804343 1.8218574 1.4175954 1.5825688 1.6031037 1.7643814 1.4624802 1.5810567 1.6368775 1.4804234 2.2087269 2.1524354 1.7234543 1.5983688 1.7218069 1.6021709 1.6693443 1.6336475 1.8116390 1.3489830 1.3626959 2.2435230 1.8645002 1.8209718 2.2189897 2.5781893 2.1245258 2.1794320 1.9561309 2.2628431 2.0810166 2.2949983 2.3459171 1.8673792 2.1070538 1.7142827 2.0671307 3.1709960 2.7946646 4.0043482 
Cgret                                              1.6991318 1.5222595 1.7487594 1.8282205 1.8354328 1.7320246 2.0279227 2.0615384 2.6635005 2.1072115 1.9994843 1.7108688 2.2542634 1.1331490 1.1590223 1.0559155 1.1117644 1.0069321 1.0933907 1.1179125 0.9839986 1.0200558 1.0769567 1.2354942 0.9623340 0.8938501 1.0724653 1.0685086 1.1174629 1.2765813 1.7248695 0.9868486 0.7403891 1.0219164 1.0081220 0.0000000 0.4399285 0.6260616 0.9259149 1.1661958 1.0077768 0.8963420 1.5028157 1.0931090 0.9302319 0.6950096 1.2908124 1.0425661 1.2058446 1.3656172 1.6759148 1.6973090 1.0720485 1.1494325 1.0526684 1.2090924 1.3041548 1.1661804 1.1556455 1.1191304 1.1661540 1.0884135 1.3315616 1.1715564 1.2083826 1.2183810 1.3155304 2.0541817 1.9562053 1.6456910 1.2500269 1.4804666 1.4504685 1.3288098 1.2080991 1.5116647 1.1595179 1.1604511 1.6159882 1.4030020 1.4838192 1.7260061 1.8666322 1.7465684 1.9818172 1.9572278 2.2860440 1.9001888 2.4773315 2.1658204 2.0297506 1.8509191 1.8251675 2.2300807 2.7758743 2.0910865 4.1218411 
Pyret                                              2.1560272 2.0656947 2.1825939 2.2894864 2.2348100 1.7737183 2.3606393 2.4439754 3.3188385 2.3321779 2.2121488 1.9686585 2.9014377 1.2865232 1.4390038 1.3036318 1.3333732 1.1994293 1.1864051 1.2991191 1.1220832 1.1676138 1.2174900 1.3724879 1.1006285 1.0171668 1.0098354 1.1537153 1.2462625 1.5046299 1.6077318 0.9423986 0.8194590 0.9709381 1.0209699 0.4399285 0.0000000 0.6255788 1.0998659 1.2562446 1.1273122 1.0755978 1.5654639 1.4333531 1.3051157 0.8984267 1.3374037 1.2703217 1.6876342 1.6348767 2.1546195 2.0852926 1.3014517 1.4387019 1.3124676 1.5799565 1.7134518 1.4563567 1.4751447 1.2488377 1.3955717 1.2384589 1.4244718 1.2949832 1.4330971 1.4093112 1.5715799 2.1803842 2.1065611 2.1627543 1.5974569 1.8294943 1.6742560 1.5419080 1.4297440 1.8743482 1.3640696 1.3640696 2.1923205 1.9162449 1.9124246 2.2234868 2.3770912 2.0362861 2.3704856 2.3466655 2.8077411 2.2095910 2.6361512 2.4610158 2.1467758 1.7711446 2.1565193 2.4972972 3.1402589 2.5255714 4.0731486 
Skippy                                             1.6856494 1.6860125 2.1399988 2.0150888 1.7056098 1.9953787 2.2082576 2.3174680 2.7261414 2.4816032 2.5780734 2.2954915 2.9404890 1.2562340 1.2566205 1.2606523 1.3371666 1.1633255 1.1214016 1.1163607 1.0703991 1.0921214 1.0090866 1.3886325 1.2087412 1.1431344 1.1849657 1.0558866 1.0854951 1.3183127 1.6536873 1.1995726 0.9937023 1.0912622 0.9779934 0.6260616 0.6255788 0.0000000 1.2972938 1.2013123 1.0736480 0.8959476 1.5779435 1.2766915 1.1078862 0.7583695 1.1976903 1.3725921 1.5901570 1.7450456 2.0821120 2.0481932 1.3123236 1.5687313 1.1826794 1.3916086 1.4841037 1.2164514 1.4853571 1.2312402 1.3188155 1.3443666 1.3794869 1.2114080 1.2533676 1.3859510 1.4628807 1.8946500 1.8848731 1.9978590 1.6404429 1.8780117 1.4898901 1.3762016 1.4693073 1.6336555 1.3013711 1.3148234 2.0918881 1.6003223 1.7657739 1.9277069 2.6233650 1.8656403 2.3017303 2.2878100 2.7036391 2.0699245 2.7080499 2.5639033 2.1907569 2.1419382 1.9103105 2.3444755 3.3015610 2.6377612 4.6766074 
marY1                                              1.8920916 1.8060318 1.8818103 2.1072995 2.0957407 2.0379965 1.9631954 2.0825995 2.5665760 1.9438001 2.2423543 1.7304586 2.9718704 1.0813229 1.3997244 0.9854704 1.1141729 1.4216689 1.2939225 1.3267741 1.1246267 1.1645851 1.0997750 1.9809716 1.5018236 1.2406597 0.9807918 1.0909348 1.1383053 1.2870871 1.7068485 0.8411634 1.0221289 0.9532033 0.8611703 0.9259149 1.0998659 1.2972938 0.0000000 1.1878660 1.1376775 1.2450120 2.1031027 1.4967099 1.1760703 1.1266312 1.1976497 1.4235411 1.5291395 1.4916889 1.4736950 1.5340006 1.2347168 1.4351426 1.3777699 1.4913934 1.5578199 1.4962423 1.5418872 1.3552036 1.3946892 1.4050433 1.4756538 1.2798339 1.4311207 1.2535430 1.2620339 2.2457723 2.0762231 1.4439242 1.7120939 1.9058402 1.6061869 1.7124445 1.3639440 1.6352312 1.4428251 1.4266521 2.0073774 1.3080994 1.8135122 2.0496244 2.1500717 1.8046487 2.0687626 1.7165734 2.1203562 1.9615368 2.2007994 2.1690618 1.9074827 1.8231098 1.5120616 2.0009604 2.4522773 2.9554807 3.9922116 
