95
Athila4-1                                          0.0000000 0.1888146 0.2418108 0.2462433 0.2231703 0.8764283 0.9079928 0.8046919 1.2003741 0.8202617 0.8986638 0.5449601 0.5176771 0.5866342 0.5368485 0.5257941 0.8517422 0.6015738 0.6594704 0.5580964 0.5697304 0.5976848 0.6606579 0.7164734 0.6624411 0.5714354 0.6195615 0.6655098 0.7838768 1.0088064 0.7510432 0.7401393 0.7338275 0.7104854 0.6048254 0.8356796 0.6781938 0.7454528 1.0238032 0.7021041 0.6459598 1.1774949 0.7527339 0.7850217 0.7300895 0.5887988 0.5080153 0.7109119 0.6531793 0.8586310 0.8727525 0.6282206 0.6794201 0.5588500 0.7335596 0.7229716 0.7451037 0.7320222 0.5603314 0.5228198 0.5614167 0.7135294 0.5830486 0.5889522 0.6788187 0.7318791 0.7243605 0.6822180 0.8693319 0.7543856 0.8814532 0.8957838 0.6706218 0.7120502 0.8385252 0.8211157 0.8211157 1.1228725 0.9171542 0.8825964 0.9750828 1.1476220 1.0287005 1.0819142 1.0435814 1.1512145 1.3397436 0.9929423 1.2755625 0.8955160 1.1461565 1.1216637 1.1821803 1.3582288 1.2170840 
Bagy-2                                             0.1888146 0.0000000 0.3010515 0.2810352 0.2589849 0.7834851 0.9159913 0.8059212 1.1095388 0.7726508 0.8630362 0.5483272 0.5680146 0.6069637 0.5552455 0.5279726 0.7758539 0.5888816 0.6141513 0.5368133 0.5413872 0.5317546 0.5933638 0.6515922 0.5746297 0.5648659 0.6444779 0.6769062 0.7135745 0.8243981 0.6648004 0.7441609 0.7144797 0.6501101 0.5842501 0.7998040 0.6584656 0.6584693 1.0169000 0.7123531 0.6470233 1.1517573 0.6947102 0.7662709 0.6896612 0.5189837 0.5091631 0.6926112 0.6314838 0.7626760 0.7595239 0.5634414 0.5916060 0.4615036 0.5799965 0.5554991 0.5761097 0.5964608 0.4804766 0.4786296 0.4898573 0.5992903 0.5358427 0.5017964 0.5688625 0.6149120 0.7434830 0.6863180 0.9981462 0.7268236 0.8626518 0.7957684 0.6574084 0.6750338 0.8868416 0.8162939 0.8162939 1.0442112 0.8633972 0.8142269 0.9826450 1.0586243 0.9903127 1.0017188 1.0630082 1.0633419 1.2394897 0.9047401 1.1723467 0.8060706 1.0669732 0.9649535 1.2211421 1.3523308 1.1667954 
Cyclops-2                                          0.2418108 0.3010515 0.0000000 0.2894176 0.2316131 0.9856670 1.0679208 0.9134312 1.1715032 0.8427542 0.9670159 0.6411457 0.5965699 0.6807995 0.5768513 0.5401754 0.8527434 0.6268228 0.6809550 0.5805263 0.5987128 0.6297662 0.6354342 0.6749822 0.6759965 0.5937525 0.8090402 0.7887052 0.7975446 0.9841379 0.6881096 0.7314208 0.6619647 0.5961613 0.6224203 0.8903354 0.7458137 0.7604642 1.0504124 0.7716059 0.7023802 1.3068783 0.7968009 0.9281555 0.7916241 0.5619314 0.5312039 0.7721450 0.7545194 0.7993371 0.8285341 0.6401892 0.6830898 0.5992886 0.6899590 0.7166000 0.6890212 0.7691239 0.5663710 0.5277887 0.5804757 0.7428694 0.5817469 0.7050604 0.6830913 0.8140589 0.7748651 0.7748810 0.9295249 0.8333676 0.7691469 0.8449270 0.7165991 0.6339173 0.8605294 0.8985342 0.8985342 1.1593347 0.9773013 0.9497263 1.0973617 1.1627456 1.2538448 1.0542039 1.0739499 1.1227758 1.4178949 1.0729688 1.2310003 0.9613670 1.1205241 1.0933736 1.3770366 1.4060318 1.3019472 
Calypso                                            0.2462433 0.2810352 0.2894176 0.0000000 0.2900488 0.9612716 1.0997446 0.9700850 1.2832069 0.9559468 1.1023581 0.5571180 0.7072962 0.7926770 0.6541551 0.5715722 1.0044116 0.7527094 0.8401944 0.6624799 0.6890501 0.7645916 0.7818184 0.7620312 0.6943396 0.6496790 0.7376197 0.8321775 0.8907264 0.9413128 0.7868784 0.7263232 0.7442446 0.7388436 0.6783026 0.8525203 0.7939631 0.8726803 1.2307982 0.8849845 0.7920757 1.2082136 0.9100124 0.9613309 0.8105981 0.7524062 0.6609741 0.8173678 0.8481168 0.9232698 0.9681468 0.7583648 0.7850113 0.7549787 0.8359580 0.8239775 0.8422081 0.8974508 0.6106152 0.6081410 0.5979296 0.7267956 0.5960727 0.6960942 0.7568499 0.8391904 0.8006505 0.7790266 1.1542077 0.7713277 0.8708658 0.8310523 0.7560396 0.8304869 0.9026490 1.0074912 1.0074912 1.0868804 1.0656047 0.9918112 1.0971017 1.1652536 1.1790590 1.1650103 1.1258440 1.2382671 1.3015184 1.1458524 1.2707683 0.9936942 1.1687729 1.1648852 1.4623133 1.1509306 1.3626107 
Diaspora                                           0.2231703 0.2589849 0.2316131 0.2900488 0.0000000 0.8530253 0.9438201 0.8433534 1.0720301 0.8655284 1.0063735 0.5727693 0.5718135 0.6171412 0.5665934 0.5340891 0.8104673 0.5866482 0.6094484 0.5710073 0.5554976 0.6001418 0.6378809 0.7231574 0.6672462 0.6251805 0.7277845 0.7510405 0.7468012 0.9765749 0.7931226 0.8291720 0.7651225 0.6895032 0.6767304 0.9453411 0.7494342 0.7334334 1.0733176 0.7784760 0.7173608 1.2864866 0.8137179 0.8791738 0.7653742 0.5933309 0.5720739 0.7792508 0.7253354 0.8996499 0.9030862 0.6782785 0.7190975 0.6482090 0.7158858 0.7045027 0.7284592 0.7960784 0.6163750 0.5765447 0.6102593 0.7822086 0.6320826 0.6607239 0.7173176 0.7827140 0.7045721 0.6906324 1.0868032 0.7745578 0.8581346 0.9226688 0.7405763 0.7718738 1.0011392 0.9389018 0.9389018 1.0635439 0.8827945 0.8450525 0.9787488 1.1030431 1.1129342 1.0719193 1.0638620 1.0768754 1.3184470 1.0548319 1.4072378 0.9455922 1.1653172 1.1113396 1.4181882 1.4757338 1.3297187 
RetroSor1                                          0.8764283 0.7834851 0.9856670 0.9612716 0.8530253 0.0000000 0.2446258 0.3155517 0.6448390 0.3511702 0.4216815 0.5412891 0.8162286 0.8670779 0.8754341 0.7819387 0.9652987 0.7623094 0.9406444 0.8398124 0.8812986 0.7273301 0.8151621 0.8855266 0.7773001 0.7318259 0.9269591 0.9065040 0.9290828 1.0245842 1.0144582 0.9296813 0.8554136 0.9980466 0.8791471 1.0469143 1.0124707 0.9471595 1.1240904 0.9201873 0.9503497 1.2407288 1.0337391 0.9898417 0.9422015 1.0135964 0.6376696 0.9353607 0.8818681 0.8404748 0.9383095 0.8739173 0.8878526 0.7939017 0.8921003 0.8662813 0.9015767 0.9605319 0.7620006 0.7316091 0.7370449 0.7900415 0.7264124 0.7777541 0.8400483 0.8474375 1.1338154 1.1340050 1.2746403 0.8347662 0.9347200 1.1295947 0.7593338 1.0174351 1.2210149 1.1390200 1.1390200 1.1899249 1.1293306 1.0501161 1.2110763 1.4200010 1.1813716 1.0486899 1.1157843 1.1485242 1.1761960 1.1433052 1.3141433 1.0517684 1.3600157 1.0471449 1.3772612 1.0362183 1.5144522 
Cinful-1                                           0.9079928 0.9159913 1.0679208 1.0997446 0.9438201 0.2446258 0.0000000 0.3669990 0.6636086 0.3152749 0.4028075 0.5774880 0.8398177 0.9001365 0.9549670 0.8951856 1.0100979 0.8212492 1.0006748 0.8397463 0.9118991 0.8247717 0.8433543 0.9120112 0.8428778 0.7997629 0.9923451 0.9027106 0.9735155 1.2429498 0.9678046 0.9987247 0.9119319 1.0889865 0.9288114 1.0614099 1.0264136 1.1016770 1.1689833 0.9296312 0.9359388 1.2179486 0.9810833 1.0104454 0.8856434 0.9488090 0.7129799 0.9047001 0.9416248 0.9380797 0.9738870 0.8140792 0.8355543 0.7492046 0.8891134 0.8960447 0.9057972 0.9702007 0.7680545 0.7494740 0.7667569 0.8531512 0.7324638 0.8171591 0.8607179 0.8484540 1.0963572 1.0568769 1.4109764 0.9676307 1.0406943 1.1535004 0.7839780 1.0386633 1.2083607 1.1935062 1.1935062 1.0831532 1.0614927 1.1345250 1.1466693 1.4886141 1.2217403 1.2608076 1.1503009 1.2426896 1.3384382 1.1428784 1.4815469 1.1749250 1.3542475 1.0978452 1.4435746 1.0100364 1.3667653 
RIRE2                                              0.8046919 0.8059212 0.9134312 0.9700850 0.8433534 0.3155517 0.3669990 0.0000000 0.3719472 0.2676303 0.3374909 0.4893445 0.8627900 0.7819471 0.8613666 0.7864822 1.0419404 0.9340329 0.9977768 0.8193297 0.9054793 0.8097614 0.7855867 0.8955168 0.8563660 0.7644361 1.0234682 0.9153153 0.9247206 1.1970312 1.0555854 0.9849412 0.9211335 1.0665712 0.8612835 1.0516431 0.8560201 1.0081033 1.1040337 0.8586758 0.8932585 1.1581686 0.9820918 0.9604480 0.8859581 0.9717273 0.7576524 0.9707404 0.9449397 0.9574582 0.9752729 0.8088464 0.7887846 0.7875521 0.8391411 0.8462821 0.8484174 0.8898267 0.7651854 0.7350074 0.7628339 0.8582659 0.7297937 0.8930818 0.8648650 0.8674919 1.1345089 1.0557723 1.2686069 0.8886372 0.9324898 1.1739694 0.7356354 1.0530256 1.2358703 1.1367539 1.1367539 1.1609824 1.1478975 1.1292239 1.2497442 1.4497266 1.1446062 1.0150760 1.0642943 1.0474861 1.3670407 1.1385146 1.3451240 1.1833802 1.3471378 1.3787864 1.4214918 1.0803723 1.6010845 
Grande1-4                                          1.2003741 1.1095388 1.1715032 1.2832069 1.0720301 0.6448390 0.6636086 0.3719472 0.0000000 0.6238161 0.6551155 0.7950731 1.1057554 1.1987580 1.2036366 1.1949556 1.3191434 1.3569785 1.3120553 1.2276773 1.3129568 1.0821048 1.0467182 1.2317253 1.1859408 1.0883019 1.4511111 1.2696099 1.2592758 1.4515322 1.3581481 1.3419645 1.2505142 1.3799540 1.1532144 1.5108774 1.1143076 1.2840113 1.5367557 1.1985897 1.0812918 1.3724008 1.2611196 1.2495481 1.2340346 1.2356996 1.1257551 1.3181583 1.3885273 1.3923647 1.4019305 1.1560920 1.2026427 1.1027046 1.2706221 1.2897093 1.2390563 1.2670324 1.0840041 1.0483361 1.1253803 1.1044483 1.0350681 1.1677997 1.1650469 1.3002809 1.5645029 1.4452192 1.8812506 1.2527314 1.1666168 1.5134205 1.0719147 1.4903310 1.6462719 1.5872570 1.5872570 1.6055049 1.5055291 1.5127277 1.5875274 2.0193902 1.7218472 1.5286176 1.4686637 1.4144318 1.9579011 1.6060031 1.7633853 1.7318399 1.6616373 1.6874410 1.8618030 1.5971351 2.0727201 
Tat4-1                                             0.8202617 0.7726508 0.8427542 0.9559468 0.8655284 0.3511702 0.3152749 0.2676303 0.6238161 0.0000000 0.1056130 0.4342011 0.8102397 0.7736934 0.8394069 0.7729437 0.9372455 0.8058205 0.8350546 0.7287785 0.8098328 0.7112710 0.7563357 0.8167247 0.7462609 0.6797250 1.0057559 0.9305783 0.8970821 1.1385073 0.8912266 0.8947003 0.7980530 0.9027345 0.8061424 0.9818070 0.8449399 0.9712336 1.0295897 0.8052105 0.9173908 1.2241511 0.8928112 0.9289115 0.8373876 0.8877736 0.6864890 0.8910856 0.9342576 0.7956086 0.8227873 0.7197136 0.7149392 0.6634733 0.7665363 0.7694560 0.7754826 0.8229068 0.6863422 0.6231961 0.6830016 0.7829556 0.6527681 0.7866694 0.8176409 0.7233911 1.1032677 1.0532529 1.1303847 0.8655432 0.9151766 1.1663785 0.7332772 0.9719042 1.1230893 1.0003037 1.0003037 1.0588492 1.1029899 0.9468731 1.1631182 1.3045367 1.0579970 1.0547214 1.0291868 1.0329643 1.2476832 1.1122906 1.2015979 1.0497058 1.3565526 1.2555179 1.4625006 0.9972921 1.3347921 
Tft2                                               0.8986638 0.8630362 0.9670159 1.1023581 1.0063735 0.4216815 0.4028075 0.3374909 0.6551155 0.1056130 0.0000000 0.4957237 0.8932137 0.8838473 0.9345769 0.8844475 0.9768374 0.9461720 0.9678052 0.8674791 0.9517581 0.8013160 0.8413523 0.9342446 0.8589596 0.7842427 1.1493862 1.0711041 1.0400220 1.2391058 0.9915920 0.9800853 0.9070768 1.0232283 0.9219860 1.1046026 1.0111702 1.0849891 1.0776627 0.9113817 1.0573325 1.3766755 1.0267019 1.0359716 0.9770567 1.0338297 0.7950066 1.0239561 1.0316660 0.9542569 0.9839710 0.8531218 0.8474553 0.7924375 0.9045071 0.9090527 0.9138883 0.9685067 0.7927386 0.7243976 0.7906988 0.9023214 0.7560162 0.9164778 0.9361170 0.8748147 1.3062919 1.2560629 1.2643686 0.9491134 1.0475484 1.3296581 0.8667083 1.1038204 1.2199070 1.2397275 1.2397275 1.2374052 1.2460497 1.1402006 1.3635269 1.5136326 1.3158530 1.2832515 1.2643408 1.2699587 1.3847148 1.2225273 1.3596164 1.2975574 1.4728672 1.3961589 1.7393826 1.1996757 1.5411158 
Ogre                                               0.5449601 0.5483272 0.6411457 0.5571180 0.5727693 0.5412891 0.5774880 0.4893445 0.7950731 0.4342011 0.4957237 0.0000000 0.6154031 0.6914540 0.6191544 0.5766673 0.8022993 0.6733319 0.7258050 0.5674386 0.6304841 0.6112966 0.5994544 0.6284385 0.6336635 0.5451338 0.6759821 0.6634063 0.7135760 0.8723532 0.6813933 0.6616900 0.6804092 0.7704762 0.6804410 0.8228803 0.8135161 0.7728476 1.0400743 0.7718914 0.7278292 1.1028812 0.8105061 0.7688796 0.8114120 0.6964582 0.5427751 0.6845428 0.7212363 0.8494594 0.8241585 0.6021027 0.5931394 0.5883514 0.6351111 0.6544482 0.6670902 0.7706422 0.4851965 0.4309861 0.5027865 0.5956424 0.4615794 0.6433440 0.6376745 0.7405070 0.9386623 0.9218070 1.1001650 0.6905137 0.7822137 0.8833157 0.6350886 0.9060756 1.0252833 1.0354103 1.0354103 0.9574140 1.0175805 0.9074509 1.1007450 1.1511426 1.1282919 1.0074207 0.9327534 0.9777463 1.2574817 1.0519804 1.1925103 0.9214349 1.1140086 1.0484616 1.2918938 1.1331806 1.1210594 
Gloin                                              0.5176771 0.5680146 0.5965699 0.7072962 0.5718135 0.8162286 0.8398177 0.8627900 1.1057554 0.8102397 0.8932137 0.6154031 0.0000000 0.2706268 0.2280533 0.2882418 0.4773880 0.3542039 0.3374993 0.2533877 0.2682912 0.3488954 0.3285697 0.3664503 0.3720140 0.3618695 0.4712168 0.4227483 0.4345161 0.6386778 0.4324683 0.4175870 0.3905355 0.4978029 0.3745411 0.6372948 0.4853592 0.3913621 0.7143048 0.4856174 0.4757299 0.8141782 0.5119463 0.5803366 0.4984027 0.4578701 0.3481738 0.5191704 0.5332479 0.7412642 0.7237586 0.4196429 0.4284362 0.3796831 0.5011265 0.4755653 0.4835169 0.5222479 0.3716796 0.3581054 0.3797181 0.4759965 0.4004978 0.4224933 0.4107799 0.5511479 0.8389226 0.8212207 0.6548431 0.4571085 0.5855683 0.6773286 0.5723066 0.6639669 0.8135526 0.6757074 0.6757074 0.8799285 0.5748557 0.7110486 0.8181975 0.8739889 0.7199022 0.8419992 0.8130156 0.8958570 0.9755813 0.9532059 1.0019480 0.8973055 0.9842774 0.8372543 1.1669583 1.3720384 0.8609835 
Ifg7                                               0.5866342 0.6069637 0.6807995 0.7926770 0.6171412 0.8670779 0.9001365 0.7819471 1.1987580 0.7736934 0.8838473 0.6914540 0.2706268 0.0000000 0.2910728 0.3391521 0.5138355 0.4096552 0.4254755 0.3585337 0.3930288 0.4156652 0.3278490 0.3701396 0.4079899 0.4170902 0.5603690 0.4148540 0.4049335 0.6509575 0.4931008 0.5170601 0.4796194 0.5878674 0.4367813 0.7201483 0.5112593 0.4671383 0.6637368 0.4892927 0.4579215 0.7920246 0.4706331 0.6084742 0.5512842 0.5329839 0.3771521 0.5549706 0.6777625 0.7698750 0.7444773 0.4472746 0.4483246 0.4591602 0.4827624 0.4495993 0.4591719 0.4437839 0.3923369 0.3994149 0.4525495 0.5529332 0.4402785 0.4520270 0.4621920 0.5659209 0.8965707 0.8805487 0.7424598 0.5185463 0.6637130 0.6959929 0.6072157 0.7431927 0.8728349 0.6868686 0.6868686 0.9946246 0.5750790 0.7008943 0.8402302 0.7914879 0.6856475 0.9295320 0.9000733 0.9496924 1.0300101 0.9623610 1.0050992 0.9868576 1.2131347 0.9224482 1.1744120 1.4017717 1.0189630 
Gimli                                              0.5368485 0.5552455 0.5768513 0.6541551 0.5665934 0.8754341 0.9549670 0.8613666 1.2036366 0.8394069 0.9345769 0.6191544 0.2280533 0.2910728 0.0000000 0.2750456 0.4999089 0.3171149 0.3206511 0.3033258 0.3041787 0.2742796 0.3108477 0.3436351 0.3719217 0.3607531 0.4494198 0.4136148 0.4215128 0.6113125 0.3906734 0.4171256 0.4123596 0.4276373 0.3809599 0.6416487 0.4490740 0.3814560 0.7382138 0.4675920 0.5129180 0.8464436 0.5067691 0.5840429 0.5069937 0.4315175 0.3641550 0.5212405 0.5482382 0.7383013 0.6903712 0.4964045 0.4650016 0.4531200 0.5285161 0.5293658 0.5330927 0.5857371 0.3734849 0.3601230 0.3932130 0.4740595 0.4135504 0.4312508 0.5106410 0.5534846 0.9021658 0.8447830 0.6437088 0.4574833 0.6670745 0.7112091 0.6089055 0.7274261 0.7911485 0.6124590 0.6124590 0.8429317 0.6258805 0.5539383 0.7647226 0.8165997 0.6946541 0.8229570 0.7954104 0.8744993 0.8975473 1.0009644 1.0374365 0.8941426 1.0034935 0.8250809 1.1380584 1.4515457 0.9554265 
Reina                                              0.5257941 0.5279726 0.5401754 0.5715722 0.5340891 0.7819387 0.8951856 0.7864822 1.1949556 0.7729437 0.8844475 0.5766673 0.2882418 0.3391521 0.2750456 0.0000000 0.4475456 0.2949286 0.3087921 0.2813546 0.2879549 0.2737202 0.2563014 0.2973613 0.3280230 0.2954681 0.4002265 0.3606499 0.3979979 0.5697309 0.3737112 0.3220904 0.3052171 0.3733413 0.3168902 0.5275297 0.4734863 0.3704023 0.5134608 0.4189866 0.4147050 0.7610830 0.4733536 0.5599396 0.3890948 0.3622234 0.3172789 0.4696461 0.4533808 0.6401117 0.6151382 0.4153055 0.3975711 0.4068177 0.4278962 0.4516139 0.4177502 0.4858187 0.2635891 0.2856742 0.3095356 0.3872185 0.3495925 0.4494241 0.4063911 0.5295474 0.8213532 0.8041314 0.6972568 0.4290345 0.5596532 0.6153346 0.5368061 0.6987750 0.8908897 0.5620687 0.5620687 0.7487833 0.6458583 0.6950127 0.8673906 0.8464418 0.6940511 0.7111126 0.7062879 0.7416789 0.8688887 0.8534011 0.9354338 0.7834356 1.0534533 0.8771483 1.1280770 1.2620723 0.9227489 
Del                                                0.8517422 0.7758539 0.8527434 1.0044116 0.8104673 0.9652987 1.0100979 1.0419404 1.3191434 0.9372455 0.9768374 0.8022993 0.4773880 0.5138355 0.4999089 0.4475456 0.0000000 0.3406579 0.2999305 0.3422589 0.3693077 0.4750589 0.4295778 0.4963980 0.4733564 0.5458648 0.5599912 0.4799862 0.5691433 0.6836881 0.5631308 0.5784862 0.5180788 0.6217612 0.5901277 0.7958264 0.6982465 0.6346162 0.7566889 0.5660158 0.6074959 1.0007519 0.6294022 0.7930969 0.6480406 0.5947473 0.5420935 0.8504719 0.7973135 0.8480041 0.8235054 0.5886770 0.5769489 0.5378195 0.5683210 0.5592256 0.5169231 0.5424085 0.5304088 0.5376957 0.5841503 0.7100403 0.6111479 0.6957297 0.6644897 0.7280953 1.0360702 1.0798091 0.9274007 0.6616911 0.7091636 0.8775958 0.8318138 0.9199993 1.0282649 0.8116292 0.8116292 1.0375385 0.9140227 0.8501859 1.0895501 1.0704243 0.8527531 1.0308834 1.0155405 1.0268950 1.2423395 1.1143590 1.1232214 0.9647093 1.1930158 1.0898202 1.4182523 1.4006170 1.0647612 
Peabody                                            0.6015738 0.5888816 0.6268228 0.7527094 0.5866482 0.7623094 0.8212492 0.9340329 1.3569785 0.8058205 0.9461720 0.6733319 0.3542039 0.4096552 0.3171149 0.2949286 0.3406579 0.0000000 0.1848135 0.1937658 0.2019654 0.2913320 0.3189648 0.3648709 0.3166378 0.4060982 0.4254579 0.3882770 0.4912022 0.5403881 0.3719799 0.3738749 0.3258037 0.4187009 0.4335613 0.5450481 0.4959504 0.4346974 0.6495541 0.4088711 0.4958830 0.8779677 0.5280131 0.5826371 0.4558157 0.3986872 0.3093564 0.5651423 0.5760706 0.6681015 0.6491226 0.4599855 0.4372351 0.4034372 0.4694366 0.5019272 0.4699365 0.5368828 0.3734630 0.3900311 0.3751603 0.4753559 0.4172583 0.4935545 0.4714929 0.5372121 0.8416668 0.8964949 0.7028275 0.5058660 0.5915656 0.7512831 0.6401564 0.5989610 0.8177543 0.5716768 0.5716768 0.7983751 0.6466799 0.6078023 0.7980599 0.7774497 0.6457599 0.7974304 0.8876963 0.8887517 0.8072884 0.7740385 0.9464795 0.6762303 0.9147089 0.8743118 0.9958826 1.3540400 1.0556868 
Retrosat-2                                         0.6594704 0.6141513 0.6809550 0.8401944 0.6094484 0.9406444 1.0006748 0.9977768 1.3120553 0.8350546 0.9678052 0.7258050 0.3374993 0.4254755 0.3206511 0.3087921 0.2999305 0.1848135 0.0000000 0.2149765 0.2001682 0.2460176 0.3111403 0.3762289 0.3557642 0.3952609 0.4384580 0.3604198 0.4934227 0.5560282 0.4138029 0.4271234 0.4043455 0.4287746 0.3967096 0.6107670 0.5094898 0.3788910 0.6037774 0.4040536 0.5501983 0.9527941 0.5134618 0.6038209 0.4558633 0.4275634 0.3811905 0.6191063 0.5973949 0.5973985 0.5834536 0.4742790 0.4511758 0.4310591 0.4817329 0.5144193 0.4821462 0.5428343 0.3896825 0.4064463 0.4199553 0.5112316 0.4625170 0.5429879 0.5021073 0.5398034 0.9322354 0.9153382 0.7118957 0.5350743 0.6188973 0.7531192 0.7054880 0.6830205 0.8942662 0.5550175 0.5550175 0.8880518 0.6699668 0.6550949 0.8638522 0.8357734 0.6651334 0.8571829 0.8420899 0.8456432 0.9505056 0.9512141 1.0065942 0.7689268 1.0723795 1.0098198 1.2188985 1.3527681 1.0084482 
Tma                                                0.5580964 0.5368133 0.5805263 0.6624799 0.5710073 0.8398124 0.8397463 0.8193297 1.2276773 0.7287785 0.8674791 0.5674386 0.2533877 0.3585337 0.3033258 0.2813546 0.3422589 0.1937658 0.2149765 0.0000000 0.0989379 0.2890476 0.2075360 0.2800709 0.2852052 0.3588518 0.3922241 0.3434472 0.4062091 0.5242911 0.3428764 0.4042288 0.3646854 0.3717656 0.3774923 0.5135579 0.4546440 0.3841267 0.5733229 0.3570021 0.4749955 0.8579489 0.4480220 0.5407867 0.4175824 0.3760947 0.3573388 0.5248983 0.5528435 0.6884803 0.6467358 0.3749853 0.3546777 0.3489615 0.4275067 0.4584763 0.4305967 0.4869924 0.3270696 0.3425722 0.3444821 0.4660928 0.3684241 0.4312640 0.4020991 0.5102629 0.7878918 0.8122219 0.6921475 0.4313822 0.5686251 0.5990273 0.5146767 0.5999843 0.7248787 0.5663661 0.5663661 0.7121695 0.6701143 0.6397250 0.8548652 0.7584366 0.6918990 0.7627719 0.7509050 0.7875784 0.8793706 0.8524161 0.9080251 0.6974478 0.9908049 0.8887526 1.1043169 1.2307069 0.9487588 
Legolas                                            0.5697304 0.5413872 0.5987128 0.6890501 0.5554976 0.8812986 0.9118991 0.9054793 1.3129568 0.8098328 0.9517581 0.6304841 0.2682912 0.3930288 0.3041787 0.2879549 0.3693077 0.2019654 0.2001682 0.0989379 0.0000000 0.3177968 0.2649635 0.3307328 0.3001379 0.3968859 0.4210663 0.3876901 0.4389727 0.5196426 0.3993796 0.4402041 0.3742640 0.4318793 0.3644340 0.5365722 0.5295023 0.3741332 0.6162166 0.4303753 0.5042471 0.8759277 0.5115267 0.5564273 0.4126995 0.4180477 0.3714564 0.5710431 0.5688497 0.6495824 0.6433626 0.4099206 0.3858471 0.3709205 0.4702306 0.4908352 0.4625678 0.5509227 0.3798499 0.3957818 0.3815126 0.4946722 0.4219239 0.4768193 0.4437428 0.5540147 0.8217645 0.8459927 0.6761677 0.4741696 0.5690132 0.6806536 0.6020571 0.5621910 0.7870785 0.6207333 0.6207333 0.7355010 0.5832067 0.6691028 0.8550334 0.7895462 0.6865197 0.7652558 0.8014274 0.8220368 0.9203522 0.8570112 0.9446508 0.7552765 0.9552215 0.8648076 1.1506039 1.2122786 0.9360624 
Bagy-1                                             0.5976848 0.5317546 0.6297662 0.7645916 0.6001418 0.7273301 0.8247717 0.8097614 1.0821048 0.7112710 0.8013160 0.6112966 0.3488954 0.4156652 0.2742796 0.2737202 0.4750589 0.2913320 0.2460176 0.2890476 0.3177968 0.0000000 0.2699536 0.3351445 0.3527445 0.3495642 0.4184578 0.3768303 0.4777663 0.5506312 0.4269883 0.3992148 0.3826115 0.3840155 0.3763315 0.5479211 0.4319125 0.3564931 0.6469896 0.4213347 0.4846464 0.8199220 0.5398916 0.5740252 0.4615745 0.3643589 0.2850459 0.5659337 0.5271706 0.6614488 0.6152371 0.4164369 0.3722843 0.3940138 0.4836093 0.5078941 0.4915680 0.5053412 0.2757121 0.2907417 0.3033262 0.3752373 0.3430082 0.4214813 0.4162055 0.5042403 0.8689323 0.8509708 0.6929759 0.4507114 0.5435808 0.6924511 0.5928338 0.6571195 0.8126526 0.4866087 0.4866087 0.7648452 0.7978608 0.5894475 0.8606550 0.8297661 0.6469590 0.7882567 0.7918153 0.8419286 0.9180551 0.9578589 0.9845857 0.7356707 0.8853601 0.7896906 1.1439553 1.3209101 0.9593554 
Cereba                                             0.6606579 0.5933638 0.6354342 0.7818184 0.6378809 0.8151621 0.8433543 0.7855867 1.0467182 0.7563357 0.8413523 0.5994544 0.3285697 0.3278490 0.3108477 0.2563014 0.4295778 0.3189648 0.3111403 0.2075360 0.2649635 0.2699536 0.0000000 0.0499523 0.1160377 0.2791428 0.4407168 0.3755756 0.3352012 0.5280948 0.4151064 0.4391651 0.4645214 0.5379639 0.3920879 0.5910307 0.4693462 0.4452169 0.4992906 0.3692793 0.4529582 0.8558633 0.4727685 0.6309505 0.4984675 0.4173953 0.2772982 0.5383213 0.5242372 0.6822380 0.6330398 0.3448995 0.3216108 0.3566012 0.4157368 0.4434892 0.4194892 0.4737073 0.2585594 0.2598509 0.2927235 0.3681790 0.2871564 0.4346892 0.3878307 0.4659126 0.6916984 0.6894132 0.8039743 0.4406292 0.4410430 0.5240363 0.4977778 0.6467073 0.7736046 0.6825086 0.6825086 0.5692862 0.6642505 0.6619622 0.8841764 0.8418750 0.6637530 0.7912708 0.7234346 0.7351997 0.9841458 0.9775972 0.8611879 0.6760429 1.1270035 0.7467604 1.0588665 1.4186221 1.1393844 
CRM                                                0.7164734 0.6515922 0.6749822 0.7620312 0.7231574 0.8855266 0.9120112 0.8955168 1.2317253 0.8167247 0.9342446 0.6284385 0.3664503 0.3701396 0.3436351 0.2973613 0.4963980 0.3648709 0.3762289 0.2800709 0.3307328 0.3351445 0.0499523 0.0000000 0.0969955 0.3101068 0.4715387 0.4311957 0.3651742 0.5079209 0.4334516 0.4424291 0.4655491 0.5660181 0.4324932 0.6245201 0.5666688 0.4880939 0.6043706 0.4308365 0.4862534 0.8752941 0.5041204 0.6455075 0.5383735 0.4704490 0.3225638 0.5793640 0.5651389 0.6883722 0.6463903 0.4096506 0.3712412 0.4173395 0.4574154 0.4816243 0.4605295 0.4934514 0.2995700 0.3185268 0.3279753 0.4145392 0.3156615 0.4698508 0.4394804 0.4981968 0.7811659 0.7837524 0.7518802 0.4729079 0.5469682 0.5822925 0.5509144 0.6229200 0.7989897 0.7215433 0.7215433 0.6687216 0.7039770 0.7310776 0.9035764 0.8305931 0.7676048 0.8296349 0.7655025 0.8099761 0.9808141 1.0383223 0.8429477 0.6522353 1.1187790 0.7872800 1.1519677 1.3805605 1.0401386 
Beetle1                                            0.6624411 0.5746297 0.6759965 0.6943396 0.6672462 0.7773001 0.8428778 0.8563660 1.1859408 0.7462609 0.8589596 0.6336635 0.3720140 0.4079899 0.3719217 0.3280230 0.4733564 0.3166378 0.3557642 0.2852052 0.3001379 0.3527445 0.1160377 0.0969955 0.0000000 0.3244660 0.4333115 0.4511754 0.3942303 0.5043010 0.4686024 0.4483297 0.4471551 0.5428593 0.4301931 0.5633818 0.6016274 0.5029170 0.6236396 0.4393138 0.4853068 0.8755746 0.5266860 0.6908253 0.5040759 0.4519228 0.3369509 0.6001251 0.5438418 0.6371758 0.6484267 0.4155204 0.4071142 0.3944255 0.4934999 0.4848810 0.4637620 0.4970091 0.3186710 0.3342891 0.3200194 0.3935576 0.3044073 0.4322572 0.4663814 0.4684072 0.7217558 0.7245284 0.8132554 0.4538273 0.4725606 0.6106363 0.5601623 0.6224720 0.8000938 0.7537907 0.7537907 0.6778777 0.6902474 0.7037925 0.8472284 0.8109066 0.7331298 0.8578666 0.8592434 0.9081842 0.9874264 1.0016771 0.9051380 0.6709352 1.0318945 0.8005486 1.1686961 1.3622119 1.0421212 
Tse3                                               0.5714354 0.5648659 0.5937525 0.6496790 0.6251805 0.7318259 0.7997629 0.7644361 1.0883019 0.6797250 0.7842427 0.5451338 0.3618695 0.4170902 0.3607531 0.2954681 0.5458648 0.4060982 0.3952609 0.3588518 0.3968859 0.3495642 0.2791428 0.3101068 0.3244660 0.0000000 0.4318700 0.4165246 0.3708911 0.5793916 0.4386563 0.3276906 0.2939423 0.3889111 0.3300231 0.4763322 0.4027042 0.3888136 0.5208509 0.4176741 0.4257586 0.7660807 0.4735576 0.5369146 0.4681453 0.4618987 0.2741048 0.4915896 0.5102476 0.6271124 0.5840831 0.3984970 0.4094399 0.3835459 0.4656894 0.4894563 0.4555854 0.5186882 0.3046584 0.3102722 0.3086072 0.4294201 0.2920238 0.4279920 0.4026528 0.4410461 0.6881628 0.6909279 0.6863365 0.4856009 0.5551584 0.6704570 0.5349455 0.5958870 0.6924908 0.6476081 0.6476081 0.8258445 0.6939161 0.6598125 0.8664540 0.7782975 0.7329383 0.8545982 0.8058218 0.8747176 0.9655439 0.9454696 0.8714023 0.7497711 1.0360418 0.7602644 1.1556046 1.2130047 0.9669376 
Monkey                                             0.6195615 0.6444779 0.8090402 0.7376197 0.7277845 0.9269591 0.9923451 1.0234682 1.4511111 1.0057559 1.1493862 0.6759821 0.4712168 0.5603690 0.4494198 0.4002265 0.5599912 0.4254579 0.4384580 0.3922241 0.4210663 0.4184578 0.4407168 0.4715387 0.4333115 0.4318700 0.0000000 0.1955690 0.6190407 0.3627329 0.4998992 0.5171286 0.5863683 0.5514356 0.4901957 0.5870094 0.5998210 0.4689638 0.8148504 0.5881390 0.5760426 0.9942488 0.7088166 0.6655182 0.6157304 0.4596590 0.4399063 0.6473881 0.5521624 0.8642010 0.8207355 0.5250776 0.5330009 0.5067574 0.5878538 0.6137464 0.6102537 0.6282713 0.4253531 0.4424789 0.4447743 0.5211146 0.4879093 0.4443543 0.5198610 0.5911339 0.9204085 0.9219621 0.9921932 0.5404733 0.7804844 0.6921169 0.6398855 0.8719422 0.8287876 0.6930076 0.6930076 0.9944992 0.9150952 0.7873569 0.9935839 0.9823515 0.7929574 0.9168540 0.8291132 0.9830205 0.9345958 1.0757635 1.2313867 0.8113580 1.1281558 0.9669671 1.3351268 1.3744519 1.0564816 
Galadriel                                          0.6655098 0.6769062 0.7887052 0.8321775 0.7510405 0.9065040 0.9027106 0.9153153 1.2696099 0.9305783 1.0711041 0.6634063 0.4227483 0.4148540 0.4136148 0.3606499 0.4799862 0.3882770 0.3604198 0.3434472 0.3876901 0.3768303 0.3755756 0.4311957 0.4511754 0.4165246 0.1955690 0.0000000 0.4582771 0.3836426 0.4132171 0.4061236 0.4789227 0.5326386 0.4479487 0.6586383 0.5442040 0.4297765 0.6519425 0.4351924 0.5073372 0.8458532 0.5821711 0.5940419 0.5772326 0.4589885 0.3675225 0.5117410 0.5220088 0.8255091 0.7722909 0.4785539 0.4864795 0.4279528 0.4591050 0.4919381 0.4871710 0.5124248 0.3468063 0.3628970 0.4095741 0.4637819 0.4342361 0.4619884 0.4323144 0.6180006 0.9563821 0.9579031 0.8906265 0.5594246 0.7448696 0.7098844 0.5814358 0.8203067 0.8077720 0.7252596 0.7252596 0.8244389 0.7912857 0.7930369 0.9520258 0.9774768 0.7633119 0.9130781 0.8050987 0.9235628 0.9850981 0.8915089 1.0976717 0.8742471 1.0455429 0.9165750 1.2290295 1.3908297 0.9101623 
G-Rhodo                                            0.7838768 0.7135745 0.7975446 0.8907264 0.7468012 0.9290828 0.9735155 0.9247206 1.2592758 0.8970821 1.0400220 0.7135760 0.4345161 0.4049335 0.4215128 0.3979979 0.5691433 0.4912022 0.4934227 0.4062091 0.4389727 0.4777663 0.3352012 0.3651742 0.3942303 0.3708911 0.6190407 0.4582771 0.0000000 0.5895186 0.4560053 0.4628694 0.5215978 0.5583482 0.4830959 0.7290349 0.5073846 0.4495524 0.6034974 0.4465464 0.4167621 0.7786000 0.3763545 0.6354642 0.6284144 0.5701111 0.4309467 0.5140731 0.5307601 0.7285234 0.7069819 0.5850028 0.5494656 0.5773738 0.5424729 0.5081936 0.5286554 0.5904620 0.4500087 0.4578014 0.5245855 0.5816928 0.4526547 0.5751526 0.5211364 0.5864453 0.9143885 0.8505062 0.8992650 0.6179360 0.6393185 0.7312147 0.6027765 0.7025452 0.8727611 0.8190800 0.8190800 0.9247753 0.7129092 0.6942001 0.9978880 0.9464582 0.7533536 0.8635718 0.8574140 0.8981261 1.0025221 1.0284550 0.9386860 0.9767460 1.1104061 0.8673963 1.2077187 1.4512059 1.0290235 
Tntom1                                             1.0088064 0.8243981 0.9841379 0.9413128 0.9765749 1.0245842 1.2429498 1.1970312 1.4515322 1.1385073 1.2391058 0.8723532 0.6386778 0.6509575 0.6113125 0.5697309 0.6836881 0.5403881 0.5560282 0.5242911 0.5196426 0.5506312 0.5280948 0.5079209 0.5043010 0.5793916 0.3627329 0.3836426 0.5895186 0.0000000 0.5974937 0.5057301 0.6323225 0.7382282 0.6789482 0.8356618 0.7969255 0.6156589 0.8719093 0.7383576 0.8055297 1.1496382 0.8484862 0.8571835 0.7324058 0.6742350 0.5621482 0.8544118 0.7033763 0.9961023 0.9551353 0.7070583 0.6371341 0.6099348 0.7233125 0.7550796 0.7633780 0.8120570 0.5419518 0.5636105 0.5453612 0.5361188 0.5245384 0.7138038 0.7195392 0.7821032 1.0887082 1.1240298 1.2949952 0.8108652 0.8527300 0.7996871 0.8860958 1.0307017 0.8588685 0.9423616 0.9423616 1.2012426 0.9251667 0.8273967 1.0221012 1.0512514 0.8537009 0.9716818 0.9808023 1.0348867 1.0127967 1.0218282 1.1672002 1.0357976 1.4080381 1.1564878 1.5897076 1.7505765 1.3978103 
Sushi-ichi                                         0.7510432 0.6648004 0.6881096 0.7868784 0.7931226 1.0144582 0.9678046 1.0555854 1.3581481 0.8912266 0.9915920 0.6813933 0.4324683 0.4931008 0.3906734 0.3737112 0.5631308 0.3719799 0.4138029 0.3428764 0.3993796 0.4269883 0.4151064 0.4334516 0.4686024 0.4386563 0.4998992 0.4132171 0.4560053 0.5974937 0.0000000 0.2106841 0.2720146 0.3935871 0.2976254 0.4422575 0.3914389 0.3587327 0.5426135 0.4016393 0.4315424 0.7886219 0.4158515 0.5371029 0.4854105 0.4843637 0.4442022 0.4808536 0.5306720 0.7412455 0.7073372 0.5598341 0.5720579 0.4682842 0.4929744 0.5014164 0.4780442 0.4886033 0.4091074 0.4480712 0.4761293 0.5545000 0.4694871 0.5374097 0.5484722 0.4984333 1.1137800 1.0459414 0.8220126 0.5173258 0.7464019 0.7007624 0.6155687 0.6534981 0.7466595 0.5533337 0.5533337 0.9961237 0.6284587 0.7313129 0.9688357 0.8152584 0.7805037 0.8689887 0.8533645 0.8290855 0.9004490 0.9951664 1.0178359 0.9183486 0.9959016 0.9529479 1.3232592 1.2892606 0.9140415 
Amn-ni                                             0.7401393 0.7441609 0.7314208 0.7263232 0.8291720 0.9296813 0.9987247 0.9849412 1.3419645 0.8947003 0.9800853 0.6616900 0.4175870 0.5170601 0.4171256 0.3220904 0.5784862 0.3738749 0.4271234 0.4042288 0.4402041 0.3992148 0.4391651 0.4424291 0.4483297 0.3276906 0.5171286 0.4061236 0.4628694 0.5057301 0.2106841 0.0000000 0.1408354 0.3123418 0.2565375 0.3754612 0.3554150 0.3502944 0.5353511 0.4250217 0.4343077 0.7886553 0.4983302 0.5238860 0.4561562 0.5558326 0.3306559 0.5952735 0.5886049 0.7144542 0.7099339 0.5180687 0.5377520 0.4474687 0.5235288 0.5690018 0.5130604 0.5304264 0.3726074 0.4101558 0.4159596 0.4418969 0.4017512 0.5501615 0.5038506 0.4974134 1.0306847 1.0545513 0.7604738 0.5111064 0.5603643 0.6620344 0.6022260 0.7006301 0.6481928 0.5814719 0.5814719 0.9024171 0.7293636 0.7592077 0.9548963 0.8655314 0.8200105 0.7730681 0.8646108 0.8635548 0.9615934 0.9211788 0.8832562 0.8072206 0.9143482 0.8222363 1.2645509 1.2053275 0.9309434 
Amn-san                                            0.7338275 0.7144797 0.6619647 0.7442446 0.7651225 0.8554136 0.9119319 0.9211335 1.2505142 0.7980530 0.9070768 0.6804092 0.3905355 0.4796194 0.4123596 0.3052171 0.5180788 0.3258037 0.4043455 0.3646854 0.3742640 0.3826115 0.4645214 0.4655491 0.4471551 0.2939423 0.5863683 0.4789227 0.5215978 0.6323225 0.2720146 0.1408354 0.0000000 0.2895020 0.2751036 0.4155592 0.3786808 0.4290626 0.5566709 0.4507138 0.4593019 0.7930893 0.4668815 0.5625745 0.4015523 0.5080868 0.3439804 0.6524881 0.6893770 0.6738780 0.6745630 0.4674755 0.5247233 0.4045588 0.5087190 0.5387399 0.4837418 0.5393966 0.4051877 0.4449022 0.4425796 0.5144280 0.4603127 0.5820848 0.4693855 0.5251289 0.9501256 0.9728535 0.7023506 0.4885336 0.5177264 0.7085421 0.6288734 0.6365424 0.8173758 0.5242464 0.5242464 1.0250967 0.6769142 0.7425516 0.9052482 0.8673523 0.7585371 0.7726321 0.8860355 0.8236053 0.9395946 0.8688508 0.8397736 0.8553552 0.9450388 0.8519554 1.2134672 1.1754637 0.8821470 
Amn-ichi                                           0.7104854 0.6501101 0.5961613 0.7388436 0.6895032 0.9980466 1.0889865 1.0665712 1.3799540 0.9027345 1.0232283 0.7704762 0.4978029 0.5878674 0.4276373 0.3733413 0.6217612 0.4187009 0.4287746 0.3717656 0.4318793 0.3840155 0.5379639 0.5660181 0.5428593 0.3889111 0.5514356 0.5326386 0.5583482 0.7382282 0.3935871 0.3123418 0.2895020 0.0000000 0.3629447 0.5088894 0.4174906 0.3508719 0.5658676 0.4169417 0.4882968 0.9169961 0.4943968 0.5978864 0.3995240 0.4604931 0.4681043 0.6341429 0.6279554 0.8929778 0.8718276 0.5596273 0.6015161 0.4856226 0.5722754 0.6191870 0.5612355 0.5882677 0.4644653 0.4857594 0.4733703 0.6028556 0.5066829 0.4973951 0.5318260 0.6316691 1.0187355 1.0507309 0.7762348 0.5627132 0.6413984 0.7098990 0.6467513 0.8134835 0.7916448 0.5013278 0.5013278 1.0661711 0.8323703 0.7116082 0.9239657 0.8415496 0.9801669 0.7859704 0.8719380 0.9229564 0.9163579 1.0496955 1.1071099 0.7894495 1.0704133 0.8297088 1.3130848 1.3905101 1.2272832 
Cgret                                              0.6048254 0.5842501 0.6224203 0.6783026 0.6767304 0.8791471 0.9288114 0.8612835 1.1532144 0.8061424 0.9219860 0.6804410 0.3745411 0.4367813 0.3809599 0.3168902 0.5901277 0.4335613 0.3967096 0.3774923 0.3644340 0.3763315 0.3920879 0.4324932 0.4301931 0.3300231 0.4901957 0.4479487 0.4830959 0.6789482 0.2976254 0.2565375 0.2751036 0.3629447 0.0000000 0.3101735 0.2580410 0.3155674 0.4572187 0.3998323 0.3498573 0.7386986 0.4147951 0.4950283 0.3753715 0.4531810 0.2949856 0.4832209 0.5024463 0.6214680 0.6217720 0.4606945 0.5099144 0.3969458 0.5110466 0.5150442 0.4807454 0.4356799 0.3652851 0.4023055 0.4002141 0.4651722 0.4114834 0.4438498 0.4468491 0.5093082 0.9596859 0.8963867 0.5934978 0.5050104 0.5030528 0.5991858 0.6151246 0.5837646 0.7087496 0.4663886 0.4663886 0.8809886 0.6241940 0.6656393 0.7839780 0.7624512 0.7005691 0.8085810 0.8274817 0.8582879 0.9986049 1.0602964 0.9631215 0.7390816 0.9413849 0.8094447 1.2064748 1.2915573 0.8700552 
Pyret                                              0.8356796 0.7998040 0.8903354 0.8525203 0.9453411 1.0469143 1.0614099 1.0516431 1.5108774 0.9818070 1.1046026 0.8228803 0.6372948 0.7201483 0.6416487 0.5275297 0.7958264 0.5450481 0.6107670 0.5135579 0.5365722 0.5479211 0.5910307 0.6245201 0.5633818 0.4763322 0.5870094 0.6586383 0.7290349 0.8356618 0.4422575 0.3754612 0.4155592 0.5088894 0.3101735 0.0000000 0.4765314 0.5392895 0.6493292 0.5565555 0.6314049 0.9274749 0.7351391 0.7219436 0.5763262 0.6390041 0.4314865 0.7734133 0.7024305 0.8437584 0.8653373 0.6340019 0.7076721 0.5540860 0.6731627 0.7159114 0.6496417 0.6671368 0.5339570 0.5783575 0.5469863 0.6154841 0.5625762 0.6952745 0.5769732 0.6649068 1.0505862 1.0613796 0.9763101 0.6657978 0.7201712 0.8215374 0.8238105 0.7844424 0.8461625 0.6948028 0.6948028 1.1883704 1.0013422 1.0288394 1.1784180 1.0476207 1.0381772 1.0999747 1.2086754 1.2655511 1.2939924 1.2079262 1.2253047 0.9032737 0.9619756 0.9656251 1.4045176 1.3391465 1.2261195 
Skippy                                             0.6781938 0.6584656 0.7458137 0.7939631 0.7494342 1.0124707 1.0264136 0.8560201 1.1143076 0.8449399 1.0111702 0.8135161 0.4853592 0.5112593 0.4490740 0.4734863 0.6982465 0.4959504 0.5094898 0.4546440 0.5295023 0.4319125 0.4693462 0.5666688 0.6016274 0.4027042 0.5998210 0.5442040 0.5073846 0.7969255 0.3914389 0.3554150 0.3786808 0.4174906 0.2580410 0.4765314 0.0000000 0.4383612 0.5965380 0.4320818 0.4235655 0.8555739 0.4317345 0.5527369 0.4652404 0.5062908 0.3875350 0.5542659 0.5871353 0.7828473 0.7478413 0.5150796 0.5320051 0.4462082 0.5126497 0.5240707 0.4896277 0.4549321 0.4512209 0.4782868 0.4721627 0.5726158 0.4854764 0.4708614 0.5073982 0.5957155 0.9719256 0.9082901 0.7789595 0.5554333 0.6351155 0.7654743 0.6757697 0.6694031 0.7424293 0.4984607 0.4984607 0.8987404 0.7836382 0.7542339 0.8840781 0.9077207 0.7352697 0.8734763 0.9364894 0.8586505 1.0418017 1.0689604 1.1706211 0.7831310 0.9523555 0.8491757 1.2546241 1.3213258 1.0752278 
marY1                                              0.7454528 0.6584693 0.7604642 0.8726803 0.7334334 0.9471595 1.1016770 1.0081033 1.2840113 0.9712336 1.0849891 0.7728476 0.3913621 0.4671383 0.3814560 0.3704023 0.6346162 0.4346974 0.3788910 0.3841267 0.3741332 0.3564931 0.4452169 0.4880939 0.5029170 0.3888136 0.4689638 0.4297765 0.4495524 0.6156589 0.3587327 0.3502944 0.4290626 0.3508719 0.3155674 0.5392895 0.4383612 0.0000000 0.5828459 0.4315594 0.3911217 0.7979196 0.4821098 0.5664798 0.4713873 0.4674422 0.4135364 0.5946296 0.6266491 0.7736418 0.7600368 0.5452317 0.5861814 0.5115023 0.5785805 0.5785175 0.5793075 0.6422658 0.4448720 0.4831237 0.4807220 0.5533340 0.4919504 0.4629405 0.5017816 0.5630708 1.0557397 1.0268046 0.7029696 0.5978920 0.7402999 0.7539483 0.7248185 0.7819300 0.7175374 0.5998103 0.5998103 1.0974953 0.6834671 0.7443644 1.0307354 0.9114837 0.8649693 0.8758415 0.8491859 0.8856469 1.0004799 1.0384540 1.0823151 0.9109699 1.1119295 0.8923461 1.4207027 1.4607693 0.9132519 
Dane-1                                             1.0238032 1.0169000 1.0504124 1.2307982 1.0733176 1.1240904 1.1689833 1.1040337 1.5367557 1.0295897 1.0776627 1.0400743 0.7143048 0.6637368 0.7382138 0.5134608 0.7566889 0.6495541 0.6037774 0.5733229 0.6162166 0.6469896 0.4992906 0.6043706 0.6236396 0.5208509 0.8148504 0.6519425 0.6034974 0.8719093 0.5426135 0.5353511 0.5566709 0.5658676 0.4572187 0.6493292 0.5965380 0.5828459 0.0000000 0.2074764 0.4679940 0.8745598 0.4160409 0.5037120 0.5347921 0.7285580 0.6019127 0.6727980 0.6727118 0.9312158 0.9331654 0.7035262 0.6746680 0.5717714 0.7052790 0.7595716 0.6891431 0.6275867 0.4851078 0.5293484 0.5464937 0.6245193 0.5384907 0.7428570 0.6421533 0.7285273 1.0222660 1.0237807 0.8968986 0.7053296 0.7860602 0.8398534 0.7022931 0.8532025 0.9401578 0.8348397 0.8348397 1.0757466 0.7585773 0.9153770 1.1755363 0.9399496 0.7746656 0.8292247 0.8933396 0.8349765 0.9835266 1.1142985 1.0260631 1.0816259 1.2335883 1.1347832 1.4101808 1.4457286 1.1278934 
